124.000 4.000 3.235 3.000 1.000 1.000 1.000
124.000 4.000 3.241 3.000 1.000 1.000 1.000
124.000 5.000 3.247 3.000 1.000 1.000 1.000
125.000 5.000 3.253 3.000 1.000 1.000 1.000
125.000 5.000 3.259 3.000 1.000 1.000 1.000
126.000 10.000 3.323 3.000 1.000 1.000 1.000
126.000 11.000 3.329 3.000 1.000 1.000 1.000
126.000 12.000 3.457 3.000 1.000 1.000 1.000
-214748273.000 22.000 3.462 3.000 1.000 1.000 1.000
95.000 31.000 4.101 3.000 1.000 1.000 1.000
95.000 32.000 4.107 3.000 1.000 1.000 1.000
95.000 33.000 4.112 3.000 1.000 1.000 1.000
96.000 31.000 4.118 3.000 1.000 1.000 1.000
25.000 6.000 4.183 3.000 1.000 1.000 1.000
25.000 6.000 4.188 3.000 1.000 1.000 1.000
25.000 6.000 4.194 3.000 1.000 1.000 1.000
26.000 6.000 4.200 3.000 1.000 1.000 1.000
25.000 6.000 4.206 3.000 1.000 1.000 1.000
26.000 6.000 4.212 3.000 1.000 1.000 1.000
25.000 6.000 4.218 3.000 1.000 1.000 1.000
25.000 7.000 4.223 3.000 1.000 1.000 1.000
23.000 8.000 4.229 3.000 1.000 1.000 1.000
20.000 9.000 4.235 3.000 1.000 1.000 1.000
18.000 9.000 4.241 3.000 1.000 1.000 1.000
16.000 10.000 4.247 3.000 1.000 1.000 1.000
4.000 30.000 4.253 3.000 1.000 1.000 1.000
19.000 15.000 4.258 3.000 1.000 1.000 1.000
21.000 11.000 4.264 3.000 1.000 1.000 1.000
19.000 14.000 4.270 3.000 1.000 1.000 1.000
53.000 103.000 4.410 3.000 1.000 1.000 1.000
52.000 100.000 4.416 3.000 1.000 1.000 1.000
54.000 107.000 4.422 3.000 1.000 1.000 1.000
54.000 106.000 4.428 3.000 1.000 1.000 1.000
53.000 106.000 4.434 3.000 1.000 1.000 1.000
50.000 98.000 4.439 3.000 1.000 1.000 1.000
53.000 105.000 4.445 3.000 1.000 1.000 1.000
76.000 78.000 4.451 3.000 1.000 1.000 1.000
53.000 105.000 4.457 3.000 1.000 1.000 1.000
76.000 78.000 4.463 3.000 1.000 1.000 1.000
53.000 104.000 4.469 3.000 1.000 1.000 1.000
76.000 76.000 4.474 3.000 1.000 1.000 1.000
53.000 104.000 4.480 3.000 1.000 1.000 1.000
49.000 95.000 4.486 3.000 1.000 1.000 1.000
53.000 104.000 4.492 3.000 1.000 1.000 1.000
53.000 104.000 4.498 3.000 1.000 1.000 1.000
76.000 76.000 4.504 3.000 1.000 1.000 1.000
53.000 104.000 4.509 3.000 1.000 1.000 1.000
52.000 104.000 4.515 3.000 1.000 1.000 1.000
74.000 76.000 4.521 3.000 1.000 1.000 1.000
50.000 103.000 4.527 3.000 1.000 1.000 1.000
75.000 76.000 4.533 3.000 1.000 1.000 1.000
48.000 90.000 4.539 3.000 1.000 1.000 1.000
46.000 91.000 4.544 3.000 1.000 1.000 1.000
46.000 90.000 4.550 3.000 1.000 1.000 1.000
44.000 88.000 4.556 3.000 1.000 1.000 1.000
46.000 91.000 4.562 3.000 1.000 1.000 1.000
32.000 122.000 4.568 3.000 1.000 1.000 1.000
35.000 126.000 4.574 3.000 1.000 1.000 1.000
13.000 11.000 4.590 3.000 1.000 1.000 1.000
15.000 1.000 4.596 3.000 1.000 1.000 1.000
13.000 8.000 4.601 3.000 1.000 1.000 1.000
1.000 33.000 4.607 3.000 1.000 1.000 1.000
2.000 33.000 4.613 3.000 1.000 1.000 1.000
1.000 34.000 4.619 3.000 1.000 1.000 1.000
1.000 34.000 4.625 3.000 1.000 1.000 1.000
1.000 34.000 4.631 3.000 1.000 1.000 1.000
1.000 34.000 4.636 3.000 1.000 1.000 1.000
1.000 34.000 4.642 3.000 1.000 1.000 1.000
1.000 34.000 4.648 3.000 1.000 1.000 1.000
2.000 33.000 4.654 3.000 1.000 1.000 1.000
2.000 34.000 4.660 3.000 1.000 1.000 1.000
1.000 34.000 4.666 3.000 1.000 1.000 1.000
1.000 34.000 4.671 3.000 1.000 1.000 1.000
1.000 34.000 4.677 3.000 1.000 1.000 1.000
2.000 32.000 4.683 3.000 1.000 1.000 1.000
2.000 35.000 4.689 3.000 1.000 1.000 1.000
2.000 34.000 4.695 3.000 1.000 1.000 1.000
1.000 34.000 4.701 3.000 1.000 1.000 1.000
2.000 35.000 4.706 3.000 1.000 1.000 1.000
1.000 33.000 4.712 3.000 1.000 1.000 1.000
2.000 35.000 4.718 3.000 1.000 1.000 1.000
1.000 33.000 4.724 3.000 1.000 1.000 1.000
2.000 35.000 4.730 3.000 1.000 1.000 1.000
1.000 34.000 4.736 3.000 1.000 1.000 1.000
3.000 32.000 4.741 3.000 1.000 1.000 1.000
3.000 36.000 4.747 3.000 1.000 1.000 1.000
2.000 32.000 4.753 3.000 1.000 1.000 1.000
2.000 34.000 4.759 3.000 1.000 1.000 1.000
1.000 33.000 4.765 3.000 1.000 1.000 1.000
2.000 33.000 4.771 3.000 1.000 1.000 1.000
2.000 34.000 4.776 3.000 1.000 1.000 1.000
2.000 32.000 4.782 3.000 1.000 1.000 1.000
397.000 174.000 6.726 2.000 1.000 1.000 1.000
396.000 170.000 6.732 2.000 1.000 1.000 1.000
396.000 149.000 6.829 2.000 1.000 1.000 1.000
395.000 148.000 6.835 2.000 1.000 1.000 1.000
395.000 146.000 6.841 2.000 1.000 1.000 1.000
394.000 145.000 6.846 2.000 1.000 1.000 1.000
385.000 162.000 6.852 2.000 1.000 1.000 1.000
380.000 164.000 6.897 2.000 1.000 1.000 1.000
379.000 162.000 6.903 2.000 1.000 1.000 1.000
385.000 136.000 6.909 2.000 1.000 1.000 1.000
390.000 136.000 6.915 2.000 1.000 1.000 1.000
390.000 135.000 6.920 2.000 1.000 1.000 1.000
333.000 101.000 6.926 2.000 1.000 1.000 1.000
349.000 83.000 6.932 2.000 1.000 1.000 1.000
352.000 70.000 7.061 2.000 1.000 1.000 1.000
352.000 70.000 7.066 2.000 1.000 1.000 1.000
323.000 95.000 7.072 2.000 1.000 1.000 1.000
352.000 68.000 7.078 2.000 1.000 1.000 1.000
323.000 95.000 7.084 2.000 1.000 1.000 1.000
352.000 68.000 7.090 2.000 1.000 1.000 1.000
323.000 94.000 7.096 2.000 1.000 1.000 1.000
353.000 67.000 7.101 2.000 1.000 1.000 1.000
324.000 94.000 7.107 2.000 1.000 1.000 1.000
353.000 67.000 7.113 2.000 1.000 1.000 1.000
324.000 94.000 7.119 2.000 1.000 1.000 1.000
353.000 67.000 7.125 2.000 1.000 1.000 1.000
329.000 62.000 7.131 2.000 1.000 1.000 1.000
391.000 141.000 8.395 2.000 1.000 1.000 1.000
344.000 120.000 8.401 2.000 1.000 1.000 1.000
345.000 134.000 8.407 2.000 1.000 1.000 1.000
344.000 132.000 8.413 2.000 1.000 1.000 1.000
319.000 3.000 8.461 2.000 1.000 1.000 1.000
318.000 3.000 8.467 2.000 1.000 1.000 1.000
317.000 3.000 8.473 2.000 1.000 1.000 1.000
324.000 3.000 8.479 2.000 1.000 1.000 1.000
323.000 3.000 8.484 2.000 1.000 1.000 1.000
322.000 3.000 8.490 2.000 1.000 1.000 1.000
320.000 3.000 8.496 2.000 1.000 1.000 1.000
319.000 3.000 8.502 2.000 1.000 1.000 1.000
318.000 3.000 8.508 2.000 1.000 1.000 1.000
317.000 3.000 8.514 2.000 1.000 1.000 1.000
309.000 3.000 8.519 2.000 1.000 1.000 1.000
315.000 3.000 8.525 2.000 1.000 1.000 1.000
307.000 3.000 8.531 2.000 1.000 1.000 1.000
306.000 3.000 8.537 2.000 1.000 1.000 1.000
313.000 3.000 8.543 2.000 1.000 1.000 1.000
312.000 3.000 8.549 2.000 1.000 1.000 1.000
311.000 3.000 8.554 2.000 1.000 1.000 1.000
302.000 3.000 8.560 2.000 1.000 1.000 1.000
301.000 3.000 8.566 2.000 1.000 1.000 1.000
300.000 3.000 8.572 2.000 1.000 1.000 1.000
299.000 3.000 8.578 2.000 1.000 1.000 1.000
298.000 4.000 8.584 2.000 1.000 1.000 1.000
303.000 3.000 8.589 2.000 1.000 1.000 1.000
297.000 4.000 8.595 2.000 1.000 1.000 1.000
296.000 4.000 8.601 2.000 1.000 1.000 1.000
295.000 3.000 8.607 2.000 1.000 1.000 1.000
294.000 3.000 8.613 2.000 1.000 1.000 1.000
293.000 3.000 8.619 2.000 1.000 1.000 1.000
292.000 3.000 8.624 2.000 1.000 1.000 1.000
291.000 3.000 8.630 2.000 1.000 1.000 1.000
290.000 3.000 8.636 2.000 1.000 1.000 1.000
289.000 3.000 8.642 2.000 1.000 1.000 1.000
288.000 3.000 8.648 2.000 1.000 1.000 1.000
287.000 3.000 8.654 2.000 1.000 1.000 1.000
286.000 2.000 8.659 2.000 1.000 1.000 1.000
281.000 2.000 8.708 2.000 1.000 1.000 1.000
280.000 2.000 8.714 2.000 1.000 1.000 1.000
279.000 1.000 8.720 2.000 1.000 1.000 1.000
278.000 1.000 8.725 2.000 1.000 1.000 1.000
277.000 1.000 8.731 2.000 1.000 1.000 1.000
276.000 0.000 8.737 2.000 1.000 1.000 1.000
275.000 0.000 8.743 2.000 1.000 1.000 1.000
284.000 95.000 8.957 2.000 1.000 1.000 1.000
252.000 68.000 8.963 2.000 1.000 1.000 1.000
313.000 4.000 9.040 2.000 1.000 1.000 1.000
304.000 46.000 9.046 2.000 1.000 1.000 1.000
342.000 135.000 9.064 2.000 1.000 1.000 1.000
338.000 133.000 9.069 2.000 1.000 1.000 1.000
337.000 132.000 9.075 2.000 1.000 1.000 1.000
334.000 131.000 9.081 2.000 1.000 1.000 1.000
332.000 130.000 9.087 2.000 1.000 1.000 1.000
330.000 129.000 9.093 2.000 1.000 1.000 1.000
327.000 128.000 9.099 2.000 1.000 1.000 1.000
325.000 127.000 9.104 2.000 1.000 1.000 1.000
324.000 127.000 9.110 2.000 1.000 1.000 1.000
324.000 126.000 9.116 2.000 1.000 1.000 1.000
295.000 98.000 9.122 2.000 1.000 1.000 1.000
286.000 81.000 9.128 2.000 1.000 1.000 1.000
279.000 77.000 9.134 2.000 1.000 1.000 1.000
278.000 47.000 9.139 2.000 1.000 1.000 1.000
285.000 37.000 9.145 2.000 1.000 1.000 1.000
278.000 43.000 9.151 2.000 1.000 1.000 1.000
280.000 39.000 9.157 2.000 1.000 1.000 1.000
273.000 93.000 9.174 2.000 1.000 1.000 1.000
266.000 89.000 9.180 2.000 1.000 1.000 1.000
262.000 86.000 9.186 2.000 1.000 1.000 1.000
261.000 88.000 9.192 2.000 1.000 1.000 1.000
249.000 72.000 9.198 2.000 1.000 1.000 1.000
254.000 77.000 9.204 2.000 1.000 1.000 1.000
247.000 70.000 9.209 2.000 1.000 1.000 1.000
259.000 42.000 9.215 2.000 1.000 1.000 1.000
267.000 35.000 9.221 2.000 1.000 1.000 1.000
266.000 37.000 9.227 2.000 1.000 1.000 1.000
261.000 36.000 9.276 2.000 1.000 1.000 1.000
259.000 35.000 9.282 2.000 1.000 1.000 1.000
192.000 44.000 9.582 2.000 1.000 1.000 1.000
200.000 42.000 9.588 2.000 1.000 1.000 1.000
177.000 47.000 9.622 2.000 1.000 1.000 1.000
175.000 45.000 9.627 2.000 1.000 1.000 1.000
170.000 50.000 9.633 2.000 1.000 1.000 1.000
173.000 41.000 9.639 2.000 1.000 1.000 1.000
165.000 51.000 9.645 2.000 1.000 1.000 1.000
162.000 43.000 9.678 2.000 1.000 1.000 1.000
177.000 24.000 9.684 2.000 1.000 1.000 1.000
160.000 38.000 9.690 2.000 1.000 1.000 1.000
160.000 14.000 9.738 2.000 1.000 1.000 1.000
142.000 48.000 9.744 2.000 1.000 1.000 1.000
163.000 17.000 9.750 2.000 1.000 1.000 1.000
144.000 52.000 9.756 2.000 1.000 1.000 1.000
143.000 51.000 9.762 2.000 1.000 1.000 1.000
151.000 23.000 9.767 2.000 1.000 1.000 1.000
148.000 15.000 9.896 2.000 1.000 1.000 1.000
147.000 12.000 9.902 2.000 1.000 1.000 1.000
110.000 50.000 10.027 2.000 1.000 1.000 1.000
109.000 20.000 10.109 2.000 1.000 1.000 1.000
94.000 53.000 10.115 2.000 1.000 1.000 1.000
113.000 20.000 10.121 2.000 1.000 1.000 1.000
112.000 17.000 10.126 2.000 1.000 1.000 1.000
197.000 6.000 12.137 2.000 1.000 1.000 1.000
205.000 11.000 12.143 2.000 1.000 1.000 1.000
208.000 13.000 12.149 2.000 1.000 1.000 1.000
214.000 17.000 12.155 2.000 1.000 1.000 1.000
205.000 11.000 12.158 1.000 1.000 1.000 1.000
219.000 21.000 12.161 2.000 1.000 1.000 1.000
202.000 16.000 12.164 1.000 1.000 1.000 1.000
224.000 24.000 12.167 2.000 1.000 1.000 1.000
199.000 20.000 12.170 1.000 1.000 1.000 1.000
229.000 29.000 12.172 2.000 1.000 1.000 1.000
196.000 22.000 12.176 1.000 1.000 1.000 1.000
234.000 32.000 12.178 2.000 1.000 1.000 1.000
195.000 26.000 12.181 1.000 1.000 1.000 1.000
238.000 36.000 12.184 2.000 1.000 1.000 1.000
193.000 30.000 12.187 1.000 1.000 1.000 1.000
245.000 36.000 12.190 2.000 1.000 1.000 1.000
191.000 33.000 12.193 1.000 1.000 1.000 1.000
250.000 42.000 12.196 2.000 1.000 1.000 1.000
189.000 37.000 12.199 1.000 1.000 1.000 1.000
255.000 47.000 12.202 2.000 1.000 1.000 1.000
187.000 41.000 12.205 1.000 1.000 1.000 1.000
260.000 49.000 12.207 2.000 1.000 1.000 1.000
185.000 45.000 12.211 1.000 1.000 1.000 1.000
