183.000 50.000 12.216 1.000 1.000 1.000 1.000
181.000 54.000 12.222 1.000 1.000 1.000 1.000
271.000 57.000 12.219 2.000 1.000 1.000 1.000
179.000 59.000 12.228 1.000 1.000 1.000 1.000
276.000 62.000 12.225 2.000 1.000 1.000 1.000
177.000 63.000 12.234 1.000 1.000 1.000 1.000
282.000 67.000 12.231 2.000 1.000 1.000 1.000
286.000 72.000 12.237 2.000 1.000 1.000 1.000
175.000 68.000 12.240 1.000 1.000 1.000 1.000
291.000 77.000 12.242 2.000 1.000 1.000 1.000
173.000 73.000 12.246 1.000 1.000 1.000 1.000
297.000 82.000 12.248 2.000 1.000 1.000 1.000
171.000 79.000 12.251 1.000 1.000 1.000 1.000
302.000 86.000 12.254 2.000 1.000 1.000 1.000
190.000 59.000 12.253 3.000 1.000 1.000 1.000
169.000 84.000 12.257 1.000 1.000 1.000 1.000
307.000 92.000 12.260 2.000 1.000 1.000 1.000
195.000 54.000 12.259 3.000 1.000 1.000 1.000
168.000 89.000 12.263 1.000 1.000 1.000 1.000
312.000 100.000 12.266 2.000 1.000 1.000 1.000
197.000 50.000 12.265 3.000 1.000 1.000 1.000
166.000 96.000 12.269 1.000 1.000 1.000 1.000
318.000 103.000 12.272 2.000 1.000 1.000 1.000
200.000 47.000 12.271 3.000 1.000 1.000 1.000
164.000 101.000 12.275 1.000 1.000 1.000 1.000
322.000 110.000 12.277 2.000 1.000 1.000 1.000
203.000 45.000 12.277 3.000 1.000 1.000 1.000
162.000 108.000 12.281 1.000 1.000 1.000 1.000
327.000 114.000 12.283 2.000 1.000 1.000 1.000
206.000 43.000 12.283 3.000 1.000 1.000 1.000
160.000 113.000 12.286 1.000 1.000 1.000 1.000
333.000 123.000 12.289 2.000 1.000 1.000 1.000
209.000 40.000 12.288 3.000 1.000 1.000 1.000
158.000 120.000 12.292 1.000 1.000 1.000 1.000
211.000 38.000 12.294 3.000 1.000 1.000 1.000
339.000 130.000 12.295 2.000 1.000 1.000 1.000
157.000 127.000 12.298 1.000 1.000 1.000 1.000
343.000 138.000 12.301 2.000 1.000 1.000 1.000
214.000 36.000 12.300 3.000 1.000 1.000 1.000
155.000 133.000 12.304 1.000 1.000 1.000 1.000
348.000 144.000 12.307 2.000 1.000 1.000 1.000
217.000 34.000 12.306 3.000 1.000 1.000 1.000
153.000 140.000 12.310 1.000 1.000 1.000 1.000
355.000 150.000 12.312 2.000 1.000 1.000 1.000
219.000 32.000 12.312 3.000 1.000 1.000 1.000
151.000 147.000 12.316 1.000 1.000 1.000 1.000
359.000 156.000 12.318 2.000 1.000 1.000 1.000
222.000 30.000 12.318 3.000 1.000 1.000 1.000
150.000 154.000 12.321 1.000 1.000 1.000 1.000
366.000 162.000 12.324 2.000 1.000 1.000 1.000
225.000 29.000 12.323 3.000 1.000 1.000 1.000
148.000 161.000 12.327 1.000 1.000 1.000 1.000
369.000 168.000 12.330 2.000 1.000 1.000 1.000
227.000 28.000 12.329 3.000 1.000 1.000 1.000
146.000 169.000 12.333 1.000 1.000 1.000 1.000
375.000 174.000 12.336 2.000 1.000 1.000 1.000
230.000 26.000 12.335 3.000 1.000 1.000 1.000
145.000 176.000 12.339 1.000 1.000 1.000 1.000
380.000 181.000 12.342 2.000 1.000 1.000 1.000
233.000 25.000 12.341 3.000 1.000 1.000 1.000
143.000 184.000 12.345 1.000 1.000 1.000 1.000
385.000 188.000 12.347 2.000 1.000 1.000 1.000
235.000 25.000 12.347 3.000 1.000 1.000 1.000
142.000 192.000 12.351 1.000 1.000 1.000 1.000
390.000 195.000 12.353 2.000 1.000 1.000 1.000
238.000 24.000 12.353 3.000 1.000 1.000 1.000
140.000 201.000 12.356 1.000 1.000 1.000 1.000
240.000 23.000 12.358 3.000 1.000 1.000 1.000
138.000 208.000 12.362 1.000 1.000 1.000 1.000
386.000 187.000 12.359 2.000 1.000 1.000 1.000
242.000 23.000 12.364 3.000 1.000 1.000 1.000
137.000 217.000 12.368 1.000 1.000 1.000 1.000
392.000 196.000 12.365 2.000 1.000 1.000 1.000
245.000 22.000 12.370 3.000 1.000 1.000 1.000
135.000 229.000 12.374 1.000 1.000 1.000 1.000
395.000 204.000 12.371 2.000 1.000 1.000 1.000
248.000 22.000 12.376 3.000 1.000 1.000 1.000
134.000 234.000 12.380 1.000 1.000 1.000 1.000
250.000 22.000 12.382 3.000 1.000 1.000 1.000
132.000 244.000 12.385 1.000 1.000 1.000 1.000
252.000 22.000 12.388 3.000 1.000 1.000 1.000
131.000 253.000 12.391 1.000 1.000 1.000 1.000
255.000 22.000 12.393 3.000 1.000 1.000 1.000
129.000 262.000 12.397 1.000 1.000 1.000 1.000
257.000 22.000 12.399 3.000 1.000 1.000 1.000
127.000 276.000 12.403 1.000 1.000 1.000 1.000
259.000 23.000 12.405 3.000 1.000 1.000 1.000
126.000 281.000 12.409 1.000 1.000 1.000 1.000
261.000 23.000 12.411 3.000 1.000 1.000 1.000
125.000 291.000 12.415 1.000 1.000 1.000 1.000
264.000 23.000 12.417 3.000 1.000 1.000 1.000
126.000 285.000 12.420 1.000 1.000 1.000 1.000
266.000 24.000 12.423 3.000 1.000 1.000 1.000
124.000 295.000 12.426 1.000 1.000 1.000 1.000
268.000 25.000 12.428 3.000 1.000 1.000 1.000
270.000 25.000 12.434 3.000 1.000 1.000 1.000
273.000 26.000 12.440 3.000 1.000 1.000 1.000
273.000 21.000 12.446 3.000 1.000 1.000 1.000
273.000 14.000 12.452 3.000 1.000 1.000 1.000
273.000 7.000 12.458 3.000 1.000 1.000 1.000
273.000 2.000 12.463 3.000 1.000 1.000 1.000
273.000 7.000 12.469 3.000 1.000 1.000 1.000
273.000 2.000 12.475 3.000 1.000 1.000 1.000
73.000 68.000 14.190 3.000 1.000 1.000 1.000
72.000 72.000 14.196 3.000 1.000 1.000 1.000
73.000 74.000 14.202 3.000 1.000 1.000 1.000
-214748326.000 46.000 14.207 3.000 1.000 1.000 1.000
269.000 5.000 15.758 1.000 1.000 1.000 1.000
267.000 5.000 15.764 1.000 1.000 1.000 1.000
266.000 6.000 15.770 1.000 1.000 1.000 1.000
265.000 6.000 15.776 1.000 1.000 1.000 1.000
264.000 6.000 15.781 1.000 1.000 1.000 1.000
217.000 1.000 15.846 1.000 1.000 1.000 1.000
213.000 2.000 15.852 1.000 1.000 1.000 1.000
209.000 2.000 15.857 1.000 1.000 1.000 1.000
206.000 2.000 15.863 1.000 1.000 1.000 1.000
202.000 2.000 15.869 1.000 1.000 1.000 1.000
199.000 3.000 15.875 1.000 1.000 1.000 1.000
196.000 4.000 15.881 1.000 1.000 1.000 1.000
192.000 5.000 15.887 1.000 1.000 1.000 1.000
189.000 6.000 15.892 1.000 1.000 1.000 1.000
185.000 7.000 15.898 1.000 1.000 1.000 1.000
183.000 8.000 15.904 1.000 1.000 1.000 1.000
178.000 11.000 15.910 1.000 1.000 1.000 1.000
175.000 14.000 15.916 1.000 1.000 1.000 1.000
171.000 15.000 15.922 1.000 1.000 1.000 1.000
168.000 17.000 15.927 1.000 1.000 1.000 1.000
165.000 19.000 15.933 1.000 1.000 1.000 1.000
162.000 21.000 15.939 1.000 1.000 1.000 1.000
158.000 23.000 15.945 1.000 1.000 1.000 1.000
155.000 26.000 15.951 1.000 1.000 1.000 1.000
151.000 29.000 15.957 1.000 1.000 1.000 1.000
148.000 31.000 15.962 1.000 1.000 1.000 1.000
145.000 34.000 15.968 1.000 1.000 1.000 1.000
91.000 38.000 15.972 2.000 1.000 1.000 1.000
141.000 37.000 15.974 1.000 1.000 1.000 1.000
97.000 44.000 15.978 2.000 1.000 1.000 1.000
138.000 40.000 15.980 1.000 1.000 1.000 1.000
101.000 50.000 15.984 2.000 1.000 1.000 1.000
134.000 43.000 15.986 1.000 1.000 1.000 1.000
104.000 52.000 15.990 2.000 1.000 1.000 1.000
130.000 47.000 15.991 1.000 1.000 1.000 1.000
109.000 56.000 15.996 2.000 1.000 1.000 1.000
128.000 50.000 15.997 1.000 1.000 1.000 1.000
112.000 59.000 16.001 2.000 1.000 1.000 1.000
124.000 54.000 16.003 1.000 1.000 1.000 1.000
117.000 62.000 16.007 2.000 1.000 1.000 1.000
120.000 58.000 16.009 1.000 1.000 1.000 1.000
120.000 66.000 16.013 2.000 1.000 1.000 1.000
116.000 62.000 16.015 1.000 1.000 1.000 1.000
125.000 71.000 16.019 2.000 1.000 1.000 1.000
113.000 66.000 16.021 1.000 1.000 1.000 1.000
129.000 75.000 16.025 2.000 1.000 1.000 1.000
110.000 70.000 16.026 1.000 1.000 1.000 1.000
