242.000 44.000 20.914 1.000 1.000 1.000 1.000
241.000 52.000 20.918 2.000 1.000 1.000 1.000
241.000 49.000 20.920 1.000 1.000 1.000 1.000
246.000 56.000 20.924 2.000 1.000 1.000 1.000
240.000 53.000 20.926 1.000 1.000 1.000 1.000
251.000 61.000 20.930 2.000 1.000 1.000 1.000
239.000 57.000 20.932 1.000 1.000 1.000 1.000
256.000 66.000 20.935 2.000 1.000 1.000 1.000
239.000 60.000 20.938 1.000 1.000 1.000 1.000
262.000 71.000 20.941 2.000 1.000 1.000 1.000
238.000 65.000 20.943 1.000 1.000 1.000 1.000
266.000 75.000 20.947 2.000 1.000 1.000 1.000
237.000 70.000 20.949 1.000 1.000 1.000 1.000
271.000 82.000 20.953 2.000 1.000 1.000 1.000
236.000 75.000 20.955 1.000 1.000 1.000 1.000
276.000 85.000 20.959 2.000 1.000 1.000 1.000
235.000 80.000 20.961 1.000 1.000 1.000 1.000
281.000 92.000 20.965 2.000 1.000 1.000 1.000
235.000 85.000 20.967 1.000 1.000 1.000 1.000
286.000 95.000 20.970 2.000 1.000 1.000 1.000
234.000 91.000 20.973 1.000 1.000 1.000 1.000
292.000 100.000 20.976 2.000 1.000 1.000 1.000
233.000 97.000 20.978 1.000 1.000 1.000 1.000
295.000 104.000 20.982 2.000 1.000 1.000 1.000
232.000 102.000 20.984 1.000 1.000 1.000 1.000
232.000 108.000 20.990 1.000 1.000 1.000 1.000
294.000 98.000 20.988 2.000 1.000 1.000 1.000
140.000 134.000 20.989 3.000 1.000 1.000 1.000
306.000 116.000 20.994 2.000 1.000 1.000 1.000
231.000 113.000 20.996 1.000 1.000 1.000 1.000
144.000 130.000 20.995 3.000 1.000 1.000 1.000
312.000 120.000 21.000 2.000 1.000 1.000 1.000
230.000 120.000 21.002 1.000 1.000 1.000 1.000
147.000 127.000 21.001 3.000 1.000 1.000 1.000
316.000 126.000 21.005 2.000 1.000 1.000 1.000
230.000 126.000 21.008 1.000 1.000 1.000 1.000
149.000 124.000 21.007 3.000 1.000 1.000 1.000
321.000 133.000 21.011 2.000 1.000 1.000 1.000
230.000 132.000 21.013 1.000 1.000 1.000 1.000
152.000 122.000 21.012 3.000 1.000 1.000 1.000
326.000 140.000 21.017 2.000 1.000 1.000 1.000
229.000 139.000 21.019 1.000 1.000 1.000 1.000
154.000 120.000 21.018 3.000 1.000 1.000 1.000
331.000 145.000 21.023 2.000 1.000 1.000 1.000
229.000 145.000 21.025 1.000 1.000 1.000 1.000
157.000 118.000 21.024 3.000 1.000 1.000 1.000
336.000 151.000 21.029 2.000 1.000 1.000 1.000
228.000 152.000 21.031 1.000 1.000 1.000 1.000
159.000 116.000 21.030 3.000 1.000 1.000 1.000
341.000 157.000 21.035 2.000 1.000 1.000 1.000
227.000 159.000 21.037 1.000 1.000 1.000 1.000
162.000 114.000 21.036 3.000 1.000 1.000 1.000
346.000 164.000 21.040 2.000 1.000 1.000 1.000
226.000 168.000 21.043 1.000 1.000 1.000 1.000
164.000 113.000 21.042 3.000 1.000 1.000 1.000
350.000 170.000 21.046 2.000 1.000 1.000 1.000
227.000 173.000 21.048 1.000 1.000 1.000 1.000
167.000 112.000 21.047 3.000 1.000 1.000 1.000
355.000 177.000 21.052 2.000 1.000 1.000 1.000
226.000 181.000 21.054 1.000 1.000 1.000 1.000
169.000 110.000 21.053 3.000 1.000 1.000 1.000
360.000 183.000 21.058 2.000 1.000 1.000 1.000
226.000 188.000 21.060 1.000 1.000 1.000 1.000
172.000 109.000 21.059 3.000 1.000 1.000 1.000
364.000 190.000 21.064 2.000 1.000 1.000 1.000
225.000 196.000 21.066 1.000 1.000 1.000 1.000
174.000 108.000 21.065 3.000 1.000 1.000 1.000
369.000 197.000 21.070 2.000 1.000 1.000 1.000
225.000 204.000 21.072 1.000 1.000 1.000 1.000
177.000 107.000 21.071 3.000 1.000 1.000 1.000
374.000 205.000 21.075 2.000 1.000 1.000 1.000
225.000 212.000 21.078 1.000 1.000 1.000 1.000
179.000 107.000 21.077 3.000 1.000 1.000 1.000
378.000 211.000 21.081 2.000 1.000 1.000 1.000
224.000 220.000 21.083 1.000 1.000 1.000 1.000
182.000 106.000 21.082 3.000 1.000 1.000 1.000
383.000 219.000 21.087 2.000 1.000 1.000 1.000
224.000 228.000 21.089 1.000 1.000 1.000 1.000
184.000 106.000 21.088 3.000 1.000 1.000 1.000
388.000 226.000 21.093 2.000 1.000 1.000 1.000
224.000 237.000 21.095 1.000 1.000 1.000 1.000
187.000 106.000 21.094 3.000 1.000 1.000 1.000
224.000 245.000 21.101 1.000 1.000 1.000 1.000
189.000 106.000 21.100 3.000 1.000 1.000 1.000
384.000 219.000 21.099 2.000 1.000 1.000 1.000
223.000 254.000 21.107 1.000 1.000 1.000 1.000
191.000 106.000 21.106 3.000 1.000 1.000 1.000
388.000 227.000 21.105 2.000 1.000 1.000 1.000
223.000 263.000 21.113 1.000 1.000 1.000 1.000
193.000 104.000 21.112 3.000 1.000 1.000 1.000
393.000 234.000 21.110 2.000 1.000 1.000 1.000
221.000 264.000 21.118 1.000 1.000 1.000 1.000
193.000 96.000 21.117 3.000 1.000 1.000 1.000
396.000 241.000 21.116 2.000 1.000 1.000 1.000
218.000 262.000 21.124 1.000 1.000 1.000 1.000
192.000 89.000 21.123 3.000 1.000 1.000 1.000
217.000 261.000 21.130 1.000 1.000 1.000 1.000
192.000 82.000 21.129 3.000 1.000 1.000 1.000
215.000 259.000 21.136 1.000 1.000 1.000 1.000
192.000 75.000 21.135 3.000 1.000 1.000 1.000
213.000 258.000 21.142 1.000 1.000 1.000 1.000
192.000 68.000 21.141 3.000 1.000 1.000 1.000
211.000 257.000 21.148 1.000 1.000 1.000 1.000
192.000 61.000 21.147 3.000 1.000 1.000 1.000
209.000 255.000 21.153 1.000 1.000 1.000 1.000
192.000 55.000 21.152 3.000 1.000 1.000 1.000
207.000 255.000 21.159 1.000 1.000 1.000 1.000
191.000 48.000 21.158 3.000 1.000 1.000 1.000
205.000 253.000 21.165 1.000 1.000 1.000 1.000
191.000 41.000 21.164 3.000 1.000 1.000 1.000
203.000 253.000 21.171 1.000 1.000 1.000 1.000
191.000 35.000 21.170 3.000 1.000 1.000 1.000
201.000 252.000 21.177 1.000 1.000 1.000 1.000
191.000 29.000 21.176 3.000 1.000 1.000 1.000
199.000 252.000 21.183 1.000 1.000 1.000 1.000
191.000 23.000 21.182 3.000 1.000 1.000 1.000
197.000 252.000 21.188 1.000 1.000 1.000 1.000
191.000 18.000 21.187 3.000 1.000 1.000 1.000
195.000 251.000 21.194 1.000 1.000 1.000 1.000
191.000 12.000 21.193 3.000 1.000 1.000 1.000
193.000 251.000 21.200 1.000 1.000 1.000 1.000
191.000 6.000 21.199 3.000 1.000 1.000 1.000
191.000 250.000 21.206 1.000 1.000 1.000 1.000
191.000 3.000 21.205 3.000 1.000 1.000 1.000
191.000 251.000 21.212 1.000 1.000 1.000 1.000
191.000 0.000 21.211 3.000 1.000 1.000 1.000
188.000 251.000 21.218 1.000 1.000 1.000 1.000
192.000 3.000 21.217 3.000 1.000 1.000 1.000
187.000 251.000 21.223 1.000 1.000 1.000 1.000
184.000 252.000 21.229 1.000 1.000 1.000 1.000
182.000 252.000 21.235 1.000 1.000 1.000 1.000
182.000 253.000 21.241 1.000 1.000 1.000 1.000
178.000 254.000 21.247 1.000 1.000 1.000 1.000
177.000 255.000 21.253 1.000 1.000 1.000 1.000
175.000 256.000 21.258 1.000 1.000 1.000 1.000
173.000 257.000 21.264 1.000 1.000 1.000 1.000
171.000 259.000 21.270 1.000 1.000 1.000 1.000
169.000 261.000 21.276 1.000 1.000 1.000 1.000
167.000 263.000 21.282 1.000 1.000 1.000 1.000
166.000 264.000 21.288 1.000 1.000 1.000 1.000
164.000 266.000 21.293 1.000 1.000 1.000 1.000
162.000 268.000 21.299 1.000 1.000 1.000 1.000
161.000 270.000 21.305 1.000 1.000 1.000 1.000
159.000 274.000 21.311 1.000 1.000 1.000 1.000
157.000 277.000 21.317 1.000 1.000 1.000 1.000
156.000 279.000 21.322 1.000 1.000 1.000 1.000
154.000 282.000 21.328 1.000 1.000 1.000 1.000
152.000 284.000 21.334 1.000 1.000 1.000 1.000
151.000 288.000 21.340 1.000 1.000 1.000 1.000
150.000 291.000 21.346 1.000 1.000 1.000 1.000
149.000 295.000 21.352 1.000 1.000 1.000 1.000
146.000 296.000 21.357 1.000 1.000 1.000 1.000
148.000 293.000 21.363 1.000 1.000 1.000 1.000
146.000 295.000 21.369 1.000 1.000 1.000 1.000
72.000 30.000 21.929 2.000 1.000 1.000 1.000
73.000 56.000 21.935 2.000 1.000 1.000 1.000
346.000 17.000 22.107 1.000 1.000 1.000 1.000
86.000 55.000 22.160 2.000 1.000 1.000 1.000
22.000 56.000 22.291 2.000 1.000 1.000 1.000
12.000 60.000 22.297 2.000 1.000 1.000 1.000
31.000 56.000 22.345 2.000 1.000 1.000 1.000
34.000 56.000 22.351 2.000 1.000 1.000 1.000
25.000 60.000 22.357 2.000 1.000 1.000 1.000
26.000 60.000 22.363 2.000 1.000 1.000 1.000
28.000 59.000 22.369 2.000 1.000 1.000 1.000
29.000 59.000 22.375 2.000 1.000 1.000 1.000
30.000 59.000 22.380 2.000 1.000 1.000 1.000
32.000 59.000 22.386 2.000 1.000 1.000 1.000
373.000 40.000 22.444 1.000 1.000 1.000 1.000
372.000 40.000 22.449 1.000 1.000 1.000 1.000
127.000 7.000 22.516 2.000 1.000 1.000 1.000
130.000 7.000 22.522 2.000 1.000 1.000 1.000
123.000 15.000 22.528 2.000 1.000 1.000 1.000
133.000 7.000 22.533 2.000 1.000 1.000 1.000
138.000 11.000 22.539 2.000 1.000 1.000 1.000
126.000 13.000 22.545 2.000 1.000 1.000 1.000
136.000 7.000 22.551 2.000 1.000 1.000 1.000
127.000 10.000 22.557 2.000 1.000 1.000 1.000
138.000 7.000 22.563 2.000 1.000 1.000 1.000
129.000 8.000 22.568 2.000 1.000 1.000 1.000
128.000 1.000 22.574 2.000 1.000 1.000 1.000
132.000 9.000 22.580 2.000 1.000 1.000 1.000
134.000 9.000 22.586 2.000 1.000 1.000 1.000
134.000 6.000 22.592 2.000 1.000 1.000 1.000
137.000 9.000 22.598 2.000 1.000 1.000 1.000
141.000 14.000 22.604 2.000 1.000 1.000 1.000
140.000 9.000 22.609 2.000 1.000 1.000 1.000
142.000 12.000 22.615 2.000 1.000 1.000 1.000
119.000 53.000 22.621 2.000 1.000 1.000 1.000
154.000 18.000 22.627 2.000 1.000 1.000 1.000
123.000 49.000 22.633 2.000 1.000 1.000 1.000
158.000 16.000 22.639 2.000 1.000 1.000 1.000
136.000 49.000 22.704 2.000 1.000 1.000 1.000
177.000 19.000 22.709 2.000 1.000 1.000 1.000
142.000 33.000 22.715 2.000 1.000 1.000 1.000
171.000 18.000 22.721 2.000 1.000 1.000 1.000
139.000 49.000 22.727 2.000 1.000 1.000 1.000
146.000 17.000 22.733 2.000 1.000 1.000 1.000
185.000 22.000 22.739 2.000 1.000 1.000 1.000
188.000 25.000 22.744 2.000 1.000 1.000 1.000
188.000 21.000 22.750 2.000 1.000 1.000 1.000
191.000 26.000 22.756 2.000 1.000 1.000 1.000
221.000 56.000 23.124 2.000 1.000 1.000 1.000
222.000 57.000 23.130 2.000 1.000 1.000 1.000
298.000 100.000 23.776 2.000 1.000 1.000 1.000
298.000 64.000 23.843 2.000 1.000 1.000 1.000
273.000 33.000 23.848 2.000 1.000 1.000 1.000
326.000 4.000 23.897 2.000 1.000 1.000 1.000
302.000 7.000 23.989 2.000 1.000 1.000 1.000
303.000 7.000 23.995 2.000 1.000 1.000 1.000
306.000 6.000 24.001 2.000 1.000 1.000 1.000
370.000 125.000 24.018 2.000 1.000 1.000 1.000
373.000 125.000 24.024 2.000 1.000 1.000 1.000
358.000 147.000 24.030 2.000 1.000 1.000 1.000
360.000 149.000 24.035 2.000 1.000 1.000 1.000
372.000 125.000 24.228 2.000 1.000 1.000 1.000
372.000 125.000 24.234 2.000 1.000 1.000 1.000
375.000 131.000 24.240 2.000 1.000 1.000 1.000
349.000 152.000 24.245 2.000 1.000 1.000 1.000
329.000 127.000 24.251 2.000 1.000 1.000 1.000
339.000 120.000 24.257 2.000 1.000 1.000 1.000
330.000 130.000 24.263 2.000 1.000 1.000 1.000
331.000 127.000 24.269 2.000 1.000 1.000 1.000
344.000 120.000 24.275 2.000 1.000 1.000 1.000
345.000 121.000 24.280 2.000 1.000 1.000 1.000
335.000 130.000 24.286 2.000 1.000 1.000 1.000
308.000 117.000 24.292 2.000 1.000 1.000 1.000
339.000 130.000 24.298 2.000 1.000 1.000 1.000
341.000 129.000 24.304 2.000 1.000 1.000 1.000
343.000 129.000 24.310 2.000 1.000 1.000 1.000
346.000 129.000 24.315 2.000 1.000 1.000 1.000
348.000 128.000 24.321 2.000 1.000 1.000 1.000
349.000 129.000 24.327 2.000 1.000 1.000 1.000
334.000 141.000 24.333 2.000 1.000 1.000 1.000
305.000 116.000 24.339 2.000 1.000 1.000 1.000
289.000 99.000 24.345 2.000 1.000 1.000 1.000
389.000 149.000 24.471 2.000 1.000 1.000 1.000
2.000 35.000 26.281 3.000 1.000 1.000 1.000
1.000 35.000 26.287 3.000 1.000 1.000 1.000
2.000 34.000 26.292 3.000 1.000 1.000 1.000
2.000 36.000 26.298 3.000 1.000 1.000 1.000
2.000 34.000 26.304 3.000 1.000 1.000 1.000
2.000 36.000 26.310 3.000 1.000 1.000 1.000
2.000 35.000 26.316 3.000 1.000 1.000 1.000
2.000 35.000 26.322 3.000 1.000 1.000 1.000
3.000 37.000 26.327 3.000 1.000 1.000 1.000
2.000 35.000 26.333 3.000 1.000 1.000 1.000
25.000 6.000 26.701 3.000 1.000 1.000 1.000
26.000 6.000 26.707 3.000 1.000 1.000 1.000
25.000 6.000 26.712 3.000 1.000 1.000 1.000
25.000 6.000 26.718 3.000 1.000 1.000 1.000
25.000 6.000 26.724 3.000 1.000 1.000 1.000
26.000 6.000 26.730 3.000 1.000 1.000 1.000
22.000 6.000 26.736 3.000 1.000 1.000 1.000
24.000 5.000 26.742 3.000 1.000 1.000 1.000
28.000 3.000 26.747 3.000 1.000 1.000 1.000
27.000 5.000 26.753 3.000 1.000 1.000 1.000
66.000 50.000 26.759 3.000 1.000 1.000 1.000
67.000 49.000 26.775 3.000 1.000 1.000 1.000
52.000 102.000 26.872 3.000 1.000 1.000 1.000
31.000 118.000 26.878 3.000 1.000 1.000 1.000
15.000 5.000 26.958 3.000 1.000 1.000 1.000
1.000 32.000 26.964 3.000 1.000 1.000 1.000
1.000 33.000 26.970 3.000 1.000 1.000 1.000
1.000 33.000 26.976 3.000 1.000 1.000 1.000
2.000 32.000 26.982 3.000 1.000 1.000 1.000
2.000 33.000 26.988 3.000 1.000 1.000 1.000
22.000 10.000 26.993 3.000 1.000 1.000 1.000
24.000 7.000 26.999 3.000 1.000 1.000 1.000
23.000 7.000 27.005 3.000 1.000 1.000 1.000
24.000 7.000 27.011 3.000 1.000 1.000 1.000
24.000 6.000 27.017 3.000 1.000 1.000 1.000
25.000 6.000 27.023 3.000 1.000 1.000 1.000
25.000 6.000 27.028 3.000 1.000 1.000 1.000
25.000 6.000 27.034 3.000 1.000 1.000 1.000
26.000 5.000 27.040 3.000 1.000 1.000 1.000
2.000 30.000 27.046 3.000 1.000 1.000 1.000
26.000 5.000 27.052 3.000 1.000 1.000 1.000
18.000 11.000 27.058 3.000 1.000 1.000 1.000
25.000 6.000 27.063 3.000 1.000 1.000 1.000
24.000 6.000 27.069 3.000 1.000 1.000 1.000
25.000 7.000 27.075 3.000 1.000 1.000 1.000
23.000 8.000 27.081 3.000 1.000 1.000 1.000
25.000 7.000 27.087 3.000 1.000 1.000 1.000
25.000 6.000 27.093 3.000 1.000 1.000 1.000
26.000 6.000 27.098 3.000 1.000 1.000 1.000
26.000 5.000 27.104 3.000 1.000 1.000 1.000
24.000 4.000 27.110 3.000 1.000 1.000 1.000
26.000 3.000 27.116 3.000 1.000 1.000 1.000
26.000 3.000 27.122 3.000 1.000 1.000 1.000
30.000 2.000 27.128 3.000 1.000 1.000 1.000
27.000 4.000 27.133 3.000 1.000 1.000 1.000
-214748364.000 1.000 27.139 3.000 1.000 1.000 1.000
-214748364.000 0.000 27.145 3.000 1.000 1.000 1.000
