106.000 75.000 16.032 1.000 1.000 1.000 1.000
137.000 85.000 16.036 2.000 1.000 1.000 1.000
103.000 80.000 16.038 1.000 1.000 1.000 1.000
141.000 89.000 16.042 2.000 1.000 1.000 1.000
99.000 86.000 16.044 1.000 1.000 1.000 1.000
145.000 95.000 16.048 2.000 1.000 1.000 1.000
96.000 89.000 16.050 1.000 1.000 1.000 1.000
150.000 100.000 16.054 2.000 1.000 1.000 1.000
91.000 94.000 16.056 1.000 1.000 1.000 1.000
154.000 106.000 16.060 2.000 1.000 1.000 1.000
88.000 99.000 16.061 1.000 1.000 1.000 1.000
158.000 111.000 16.066 2.000 1.000 1.000 1.000
85.000 105.000 16.067 1.000 1.000 1.000 1.000
162.000 117.000 16.071 2.000 1.000 1.000 1.000
82.000 109.000 16.073 1.000 1.000 1.000 1.000
167.000 123.000 16.077 2.000 1.000 1.000 1.000
79.000 115.000 16.079 1.000 1.000 1.000 1.000
171.000 129.000 16.083 2.000 1.000 1.000 1.000
75.000 120.000 16.085 1.000 1.000 1.000 1.000
174.000 135.000 16.089 2.000 1.000 1.000 1.000
71.000 126.000 16.091 1.000 1.000 1.000 1.000
179.000 141.000 16.095 2.000 1.000 1.000 1.000
68.000 132.000 16.096 1.000 1.000 1.000 1.000
184.000 148.000 16.101 2.000 1.000 1.000 1.000
63.000 138.000 16.102 1.000 1.000 1.000 1.000
359.000 113.000 16.101 3.000 1.000 1.000 1.000
188.000 155.000 16.106 2.000 1.000 1.000 1.000
60.000 145.000 16.108 1.000 1.000 1.000 1.000
364.000 108.000 16.107 3.000 1.000 1.000 1.000
192.000 162.000 16.112 2.000 1.000 1.000 1.000
57.000 151.000 16.114 1.000 1.000 1.000 1.000
367.000 104.000 16.112 3.000 1.000 1.000 1.000
196.000 169.000 16.118 2.000 1.000 1.000 1.000
54.000 157.000 16.120 1.000 1.000 1.000 1.000
370.000 101.000 16.118 3.000 1.000 1.000 1.000
201.000 176.000 16.124 2.000 1.000 1.000 1.000
49.000 164.000 16.126 1.000 1.000 1.000 1.000
373.000 98.000 16.124 3.000 1.000 1.000 1.000
204.000 183.000 16.130 2.000 1.000 1.000 1.000
46.000 171.000 16.131 1.000 1.000 1.000 1.000
376.000 95.000 16.130 3.000 1.000 1.000 1.000
209.000 193.000 16.136 2.000 1.000 1.000 1.000
44.000 178.000 16.137 1.000 1.000 1.000 1.000
379.000 92.000 16.136 3.000 1.000 1.000 1.000
213.000 198.000 16.141 2.000 1.000 1.000 1.000
40.000 185.000 16.143 1.000 1.000 1.000 1.000
384.000 90.000 16.142 3.000 1.000 1.000 1.000
217.000 206.000 16.147 2.000 1.000 1.000 1.000
37.000 192.000 16.149 1.000 1.000 1.000 1.000
385.000 88.000 16.147 3.000 1.000 1.000 1.000
221.000 214.000 16.153 2.000 1.000 1.000 1.000
33.000 200.000 16.155 1.000 1.000 1.000 1.000
225.000 222.000 16.159 2.000 1.000 1.000 1.000
30.000 207.000 16.161 1.000 1.000 1.000 1.000
230.000 230.000 16.165 2.000 1.000 1.000 1.000
26.000 215.000 16.166 1.000 1.000 1.000 1.000
234.000 238.000 16.171 2.000 1.000 1.000 1.000
23.000 223.000 16.172 1.000 1.000 1.000 1.000
396.000 82.000 16.175 3.000 1.000 1.000 1.000
238.000 248.000 16.176 2.000 1.000 1.000 1.000
20.000 230.000 16.178 1.000 1.000 1.000 1.000
243.000 256.000 16.182 2.000 1.000 1.000 1.000
16.000 239.000 16.184 1.000 1.000 1.000 1.000
247.000 265.000 16.188 2.000 1.000 1.000 1.000
13.000 247.000 16.190 1.000 1.000 1.000 1.000
251.000 274.000 16.194 2.000 1.000 1.000 1.000
9.000 256.000 16.196 1.000 1.000 1.000 1.000
394.000 81.000 16.192 3.000 1.000 1.000 1.000
256.000 283.000 16.200 2.000 1.000 1.000 1.000
6.000 264.000 16.201 1.000 1.000 1.000 1.000
396.000 78.000 16.198 3.000 1.000 1.000 1.000
259.000 293.000 16.206 2.000 1.000 1.000 1.000
4.000 273.000 16.207 1.000 1.000 1.000 1.000
2.000 282.000 16.213 1.000 1.000 1.000 1.000
256.000 287.000 16.211 2.000 1.000 1.000 1.000
260.000 295.000 16.217 2.000 1.000 1.000 1.000
4.000 275.000 16.219 1.000 1.000 1.000 1.000
2.000 284.000 16.225 1.000 1.000 1.000 1.000
80.000 54.000 17.301 2.000 1.000 1.000 1.000
86.000 32.000 17.306 2.000 1.000 1.000 1.000
93.000 32.000 17.388 2.000 1.000 1.000 1.000
128.000 5.000 17.393 2.000 1.000 1.000 1.000
129.000 5.000 17.399 2.000 1.000 1.000 1.000
131.000 5.000 17.405 2.000 1.000 1.000 1.000
132.000 6.000 17.411 2.000 1.000 1.000 1.000
133.000 6.000 17.417 2.000 1.000 1.000 1.000
134.000 7.000 17.423 2.000 1.000 1.000 1.000
135.000 7.000 17.428 2.000 1.000 1.000 1.000
137.000 7.000 17.434 2.000 1.000 1.000 1.000
103.000 54.000 17.440 2.000 1.000 1.000 1.000
104.000 50.000 17.446 2.000 1.000 1.000 1.000
140.000 17.000 17.452 2.000 1.000 1.000 1.000
143.000 12.000 17.458 2.000 1.000 1.000 1.000
142.000 9.000 17.463 2.000 1.000 1.000 1.000
146.000 14.000 17.469 2.000 1.000 1.000 1.000
142.000 19.000 17.475 2.000 1.000 1.000 1.000
107.000 32.000 17.481 2.000 1.000 1.000 1.000
106.000 19.000 17.487 2.000 1.000 1.000 1.000
180.000 35.000 17.618 2.000 1.000 1.000 1.000
193.000 58.000 17.624 2.000 1.000 1.000 1.000
187.000 32.000 17.630 2.000 1.000 1.000 1.000
201.000 45.000 17.636 2.000 1.000 1.000 1.000
203.000 43.000 17.641 2.000 1.000 1.000 1.000
205.000 44.000 17.647 2.000 1.000 1.000 1.000
185.000 20.000 17.653 2.000 1.000 1.000 1.000
208.000 45.000 17.659 2.000 1.000 1.000 1.000
210.000 51.000 17.665 2.000 1.000 1.000 1.000
213.000 50.000 17.671 2.000 1.000 1.000 1.000
215.000 51.000 17.676 2.000 1.000 1.000 1.000
216.000 52.000 17.682 2.000 1.000 1.000 1.000
219.000 49.000 17.688 2.000 1.000 1.000 1.000
215.000 53.000 17.694 2.000 1.000 1.000 1.000
223.000 52.000 17.700 2.000 1.000 1.000 1.000
205.000 40.000 17.706 2.000 1.000 1.000 1.000
227.000 54.000 17.711 2.000 1.000 1.000 1.000
229.000 55.000 17.717 2.000 1.000 1.000 1.000
229.000 60.000 17.723 2.000 1.000 1.000 1.000
232.000 60.000 17.729 2.000 1.000 1.000 1.000
232.000 61.000 17.735 2.000 1.000 1.000 1.000
233.000 59.000 17.741 2.000 1.000 1.000 1.000
234.000 59.000 17.746 2.000 1.000 1.000 1.000
235.000 62.000 17.752 2.000 1.000 1.000 1.000
236.000 59.000 17.758 2.000 1.000 1.000 1.000
245.000 66.000 17.764 2.000 1.000 1.000 1.000
248.000 66.000 17.770 2.000 1.000 1.000 1.000
215.000 38.000 17.776 2.000 1.000 1.000 1.000
232.000 38.000 17.781 2.000 1.000 1.000 1.000
251.000 68.000 17.787 2.000 1.000 1.000 1.000
233.000 45.000 17.820 2.000 1.000 1.000 1.000
261.000 74.000 17.826 2.000 1.000 1.000 1.000
263.000 75.000 17.832 2.000 1.000 1.000 1.000
261.000 76.000 17.838 2.000 1.000 1.000 1.000
264.000 79.000 17.843 2.000 1.000 1.000 1.000
266.000 81.000 17.849 2.000 1.000 1.000 1.000
267.000 82.000 17.855 2.000 1.000 1.000 1.000
266.000 81.000 17.861 2.000 1.000 1.000 1.000
268.000 83.000 17.867 2.000 1.000 1.000 1.000
269.000 84.000 17.873 2.000 1.000 1.000 1.000
269.000 85.000 17.878 2.000 1.000 1.000 1.000
270.000 86.000 17.884 2.000 1.000 1.000 1.000
271.000 86.000 17.890 2.000 1.000 1.000 1.000
273.000 88.000 17.896 2.000 1.000 1.000 1.000
273.000 89.000 17.902 2.000 1.000 1.000 1.000
274.000 90.000 17.908 2.000 1.000 1.000 1.000
275.000 91.000 17.913 2.000 1.000 1.000 1.000
275.000 91.000 17.919 2.000 1.000 1.000 1.000
276.000 93.000 17.925 2.000 1.000 1.000 1.000
277.000 94.000 17.931 2.000 1.000 1.000 1.000
278.000 95.000 17.937 2.000 1.000 1.000 1.000
279.000 96.000 17.943 2.000 1.000 1.000 1.000
277.000 88.000 18.880 2.000 1.000 1.000 1.000
275.000 86.000 18.886 2.000 1.000 1.000 1.000
270.000 98.000 18.891 2.000 1.000 1.000 1.000
274.000 89.000 18.897 2.000 1.000 1.000 1.000
273.000 85.000 18.903 2.000 1.000 1.000 1.000
271.000 83.000 18.909 2.000 1.000 1.000 1.000
271.000 83.000 18.915 2.000 1.000 1.000 1.000
270.000 82.000 18.921 2.000 1.000 1.000 1.000
278.000 84.000 18.926 2.000 1.000 1.000 1.000
268.000 76.000 18.932 2.000 1.000 1.000 1.000
269.000 77.000 18.938 2.000 1.000 1.000 1.000
275.000 80.000 18.944 2.000 1.000 1.000 1.000
265.000 73.000 18.950 2.000 1.000 1.000 1.000
266.000 84.000 18.956 2.000 1.000 1.000 1.000
259.000 79.000 18.961 2.000 1.000 1.000 1.000
261.000 74.000 18.967 2.000 1.000 1.000 1.000
259.000 70.000 18.973 2.000 1.000 1.000 1.000
269.000 74.000 18.979 2.000 1.000 1.000 1.000
258.000 66.000 18.985 2.000 1.000 1.000 1.000
236.000 57.000 18.991 2.000 1.000 1.000 1.000
253.000 60.000 18.996 2.000 1.000 1.000 1.000
253.000 65.000 19.002 2.000 1.000 1.000 1.000
252.000 59.000 19.008 2.000 1.000 1.000 1.000
252.000 57.000 19.014 2.000 1.000 1.000 1.000
251.000 56.000 19.020 2.000 1.000 1.000 1.000
251.000 55.000 19.026 2.000 1.000 1.000 1.000
250.000 54.000 19.031 2.000 1.000 1.000 1.000
249.000 52.000 19.037 2.000 1.000 1.000 1.000
249.000 51.000 19.043 2.000 1.000 1.000 1.000
243.000 50.000 19.049 2.000 1.000 1.000 1.000
230.000 38.000 19.114 2.000 1.000 1.000 1.000
227.000 36.000 19.120 2.000 1.000 1.000 1.000
231.000 39.000 19.126 2.000 1.000 1.000 1.000
214.000 41.000 19.131 2.000 1.000 1.000 1.000
227.000 37.000 19.137 2.000 1.000 1.000 1.000
202.000 26.000 19.186 2.000 1.000 1.000 1.000
198.000 24.000 19.192 2.000 1.000 1.000 1.000
194.000 23.000 19.198 2.000 1.000 1.000 1.000
182.000 18.000 19.204 2.000 1.000 1.000 1.000
189.000 22.000 19.209 2.000 1.000 1.000 1.000
179.000 17.000 19.215 2.000 1.000 1.000 1.000
177.000 17.000 19.221 2.000 1.000 1.000 1.000
187.000 20.000 19.227 2.000 1.000 1.000 1.000
173.000 15.000 19.233 2.000 1.000 1.000 1.000
178.000 16.000 19.239 2.000 1.000 1.000 1.000
175.000 17.000 19.245 2.000 1.000 1.000 1.000
177.000 17.000 19.250 2.000 1.000 1.000 1.000
171.000 15.000 19.256 2.000 1.000 1.000 1.000
168.000 15.000 19.262 2.000 1.000 1.000 1.000
170.000 15.000 19.268 2.000 1.000 1.000 1.000
156.000 9.000 19.274 2.000 1.000 1.000 1.000
154.000 8.000 19.280 2.000 1.000 1.000 1.000
152.000 8.000 19.285 2.000 1.000 1.000 1.000
150.000 7.000 19.291 2.000 1.000 1.000 1.000
156.000 12.000 19.297 2.000 1.000 1.000 1.000
148.000 6.000 19.303 2.000 1.000 1.000 1.000
153.000 10.000 19.309 2.000 1.000 1.000 1.000
145.000 6.000 19.315 2.000 1.000 1.000 1.000
148.000 7.000 19.320 2.000 1.000 1.000 1.000
142.000 5.000 19.326 2.000 1.000 1.000 1.000
141.000 5.000 19.332 2.000 1.000 1.000 1.000
139.000 5.000 19.338 2.000 1.000 1.000 1.000
138.000 5.000 19.344 2.000 1.000 1.000 1.000
136.000 5.000 19.349 2.000 1.000 1.000 1.000
134.000 4.000 19.355 2.000 1.000 1.000 1.000
133.000 4.000 19.361 2.000 1.000 1.000 1.000
131.000 4.000 19.367 2.000 1.000 1.000 1.000
129.000 4.000 19.373 2.000 1.000 1.000 1.000
128.000 4.000 19.379 2.000 1.000 1.000 1.000
125.000 4.000 19.384 2.000 1.000 1.000 1.000
124.000 4.000 19.390 2.000 1.000 1.000 1.000
122.000 3.000 19.396 2.000 1.000 1.000 1.000
121.000 3.000 19.402 2.000 1.000 1.000 1.000
118.000 3.000 19.408 2.000 1.000 1.000 1.000
117.000 3.000 19.414 2.000 1.000 1.000 1.000
114.000 3.000 19.419 2.000 1.000 1.000 1.000
112.000 2.000 19.425 2.000 1.000 1.000 1.000
111.000 2.000 19.431 2.000 1.000 1.000 1.000
110.000 2.000 19.437 2.000 1.000 1.000 1.000
109.000 2.000 19.443 2.000 1.000 1.000 1.000
106.000 1.000 19.449 2.000 1.000 1.000 1.000
104.000 1.000 19.454 2.000 1.000 1.000 1.000
102.000 1.000 19.460 2.000 1.000 1.000 1.000
100.000 1.000 19.466 2.000 1.000 1.000 1.000
98.000 1.000 19.472 2.000 1.000 1.000 1.000
93.000 1.000 19.478 2.000 1.000 1.000 1.000
84.000 54.000 19.526 2.000 1.000 1.000 1.000
83.000 28.000 19.532 2.000 1.000 1.000 1.000
83.000 30.000 19.538 2.000 1.000 1.000 1.000
75.000 33.000 19.667 2.000 1.000 1.000 1.000
74.000 30.000 19.672 2.000 1.000 1.000 1.000
70.000 56.000 19.737 2.000 1.000 1.000 1.000
169.000 5.000 20.836 2.000 1.000 1.000 1.000
176.000 8.000 20.842 2.000 1.000 1.000 1.000
181.000 11.000 20.848 2.000 1.000 1.000 1.000
186.000 15.000 20.854 2.000 1.000 1.000 1.000
252.000 10.000 20.856 1.000 1.000 1.000 1.000
191.000 17.000 20.860 2.000 1.000 1.000 1.000
250.000 14.000 20.862 1.000 1.000 1.000 1.000
197.000 20.000 20.865 2.000 1.000 1.000 1.000
249.000 17.000 20.868 1.000 1.000 1.000 1.000
201.000 23.000 20.871 2.000 1.000 1.000 1.000
248.000 20.000 20.874 1.000 1.000 1.000 1.000
206.000 27.000 20.877 2.000 1.000 1.000 1.000
247.000 24.000 20.879 1.000 1.000 1.000 1.000
211.000 33.000 20.883 2.000 1.000 1.000 1.000
246.000 27.000 20.885 1.000 1.000 1.000 1.000
216.000 35.000 20.889 2.000 1.000 1.000 1.000
245.000 30.000 20.891 1.000 1.000 1.000 1.000
221.000 40.000 20.895 2.000 1.000 1.000 1.000
244.000 34.000 20.897 1.000 1.000 1.000 1.000
226.000 43.000 20.900 2.000 1.000 1.000 1.000
244.000 37.000 20.903 1.000 1.000 1.000 1.000
231.000 46.000 20.906 2.000 1.000 1.000 1.000
243.000 41.000 20.908 1.000 1.000 1.000 1.000
