-87.310 512.420 299.182 15.612 18166.921 -88.578 -1004.295
4.473 511.972 294.108 15.617 18166.921 -88.578 -1004.295
96.108 511.525 289.042 15.622 18166.921 -88.578 -1004.295
188.336 511.076 283.944 15.627 18166.921 -88.578 -1004.295
280.306 510.627 278.859 15.633 18166.921 -88.578 -1004.295
371.979 510.180 273.791 15.638 18166.921 -88.578 -1004.295
310.948 498.044 273.081 15.644 8581.655 -650.831 -732.777
337.524 496.631 271.631 15.649 7044.386 -404.992 -692.836
367.586 495.283 269.151 15.654 6616.774 -333.156 -661.282
400.780 494.241 262.668 15.659 6501.178 -267.428 -857.181
432.963 493.395 260.087 15.664 6473.142 -204.122 -796.601
468.985 493.258 251.019 15.669 6566.827 -163.133 -1252.775
504.949 492.990 244.897 15.675 6622.248 -102.855 -1288.028
528.240 490.052 240.527 15.680 5990.232 -237.229 -1176.171
558.681 489.565 234.139 15.685 5927.467 -192.873 -1174.097
593.629 488.103 227.170 15.690 6234.425 -249.673 -1379.448
627.452 487.689 220.282 15.695 6384.419 -179.168 -1432.105
649.308 484.711 216.003 15.701 5400.585 -280.954 -1098.060
677.349 482.785 210.707 15.706 5261.502 -337.806 -1075.276
711.027 481.921 203.565 15.711 5456.429 -271.817 -1234.532
748.770 481.408 195.599 15.716 6149.454 -144.459 -1156.333
779.511 480.644 190.636 15.721 6316.845 -64.087 -973.298
828.510 476.895 171.615 15.727 7500.806 -398.020 -2211.505
857.162 476.514 165.507 15.732 6975.807 -299.105 -1941.166
879.121 475.038 159.750 15.737 5843.729 -276.999 -1581.352
908.604 473.439 151.634 15.743 5857.886 -285.245 -1571.484
937.700 472.196 141.318 15.748 5872.118 -254.279 -1825.654
966.412 468.290 131.175 15.753 5846.836 -443.744 -1920.826
1000.302 466.511 122.236 15.759 5778.385 -400.657 -1732.601
1029.371 465.614 113.720 15.764 5766.558 -321.535 -1730.859
1060.965 463.634 103.926 15.769 5963.475 -338.231 -1848.527
1088.845 463.593 93.212 15.774 5847.473 -216.042 -1934.329
1114.066 462.109 81.378 15.779 5621.717 -236.067 -2077.928
1141.040 459.341 73.107 15.785 5250.459 -311.472 -1884.428
1171.930 457.561 58.956 15.790 5418.073 -314.193 -2139.652
1201.149 455.332 48.730 15.795 5579.805 -381.637 -2096.524
1232.762 452.998 36.315 15.800 5800.015 -399.544 -2226.717
1259.081 450.186 22.771 15.805 5691.034 -454.751 -2438.088
1288.410 448.474 11.176 15.811 5527.052 -394.639 -2363.686
1311.672 445.089 13.816 15.816 5275.281 -476.382 -1585.160
1323.249 439.986 47.923 15.821 4243.763 -595.517 1003.190
1337.968 435.554 66.386 15.826 3733.785 -782.961 2250.765
1350.705 430.056 88.556 15.831 3301.972 -900.074 3102.543
1364.787 425.936 104.507 15.836 3149.493 -869.034 3079.579
1380.749 421.763 121.260 15.842 3019.054 -837.252 3067.838
1397.522 418.001 135.686 15.847 3103.510 -780.052 2840.786
1415.724 415.108 151.616 15.852 3276.719 -698.331 2848.396
1433.918 410.903 168.106 15.858 3413.402 -739.568 2933.790
1445.970 406.610 184.183 15.863 3081.999 -759.162 3037.989
1459.948 401.468 202.781 15.868 2951.341 -852.648 3205.616
1478.652 397.739 210.364 15.874 3030.172 -781.586 2522.182
1496.862 393.415 223.418 15.879 3140.291 -770.485 2504.116
1510.862 388.747 237.523 15.884 3058.367 -827.634 2553.662
1525.580 384.123 251.076 15.889 3003.107 -860.585 2600.262
1541.585 380.291 260.765 15.894 3107.792 -838.737 2303.011
1557.602 376.383 274.794 15.900 2960.040 -776.319 2367.433
1570.615 372.967 289.787 15.905 2836.692 -729.219 2556.333
1591.052 368.354 296.033 15.910 3199.330 -770.961 2066.807
1606.493 363.068 307.613 15.915 3197.051 -859.877 2104.286
1619.685 359.015 319.626 15.920 2973.088 -847.154 2207.188
1633.014 354.610 333.984 15.925 2865.589 -863.312 2399.471
1652.182 351.536 338.811 15.931 3059.636 -747.522 1827.600
1668.734 347.774 347.848 15.936 3146.090 -732.999 1772.496
1683.649 341.937 359.769 15.942 3028.966 -852.314 1941.407
1696.172 339.614 367.856 15.947 2856.338 -748.939 1855.461
1710.596 337.196 373.807 15.952 2874.303 -640.698 1523.505
