1128.440 537.669 392.533 16.464 5907.687 974.227 1.000
1157.632 542.892 386.906 16.469 5790.387 1031.192 1.000
1186.077 548.352 380.956 16.474 5692.650 1059.235 1.000
1215.512 553.146 374.903 16.479 5479.482 1141.342 1.000
1243.391 558.644 369.182 16.484 5419.286 1182.296 1.000
1271.910 564.339 362.561 16.489 5453.496 1193.711 1.000
1299.409 570.556 355.676 16.494 5453.868 1190.119 1.000
1327.031 576.769 348.381 16.500 5402.865 1182.879 1.000
1340.412 586.926 322.042 16.505 5719.542 1419.093 2.000
1369.729 593.505 313.912 16.510 5586.819 1362.659 2.000
1397.188 599.957 305.063 16.515 5500.501 1299.462 2.000
1422.942 605.467 296.558 16.520 5314.206 1200.034 2.000
1450.959 612.411 287.090 16.525 5109.988 1107.783 2.000
1476.790 618.391 278.267 16.530 5207.323 1161.194 2.000
1503.788 624.808 268.922 16.535 5206.986 1202.666 2.000
1530.340 630.765 259.065 16.540 5163.986 1209.121 2.000
1556.680 636.901 249.480 16.545 5150.717 1218.234 2.000
1582.193 642.656 239.555 16.550 5237.838 1257.322 2.000
1609.118 648.519 229.108 16.555 5214.244 1233.702 2.000
1635.253 654.701 218.448 16.560 5265.123 1241.837 2.000
1660.601 660.173 207.847 16.565 5238.541 1178.934 2.000
1687.840 667.024 196.235 16.570 5100.227 1119.028 2.000
1713.594 672.755 184.918 16.575 5047.793 1078.984 2.000
1739.179 678.283 173.545 16.580 5026.380 1065.588 2.000
1764.645 683.586 161.898 16.585 5037.046 1100.762 2.000
1790.028 689.026 149.788 16.590 4987.346 1088.253 2.000
1814.835 694.614 137.365 16.596 4943.629 1095.026 2.000
1839.574 700.032 124.866 16.601 4877.454 1096.567 2.000
1864.008 705.949 112.112 16.606 4867.477 1116.893 2.000
1889.040 711.442 98.725 16.611 4860.761 1144.102 2.000
1913.649 717.673 86.432 16.616 4776.934 1131.304 2.000
1937.260 722.366 75.499 16.621 4734.879 1109.250 2.000
1960.315 727.451 67.497 16.626 4572.593 1027.978 2.000
1981.814 732.199 64.818 16.631 4443.005 990.582 2.000
2003.034 736.630 62.773 16.636 4238.467 902.772 2.000
2023.813 741.306 62.620 16.641 4039.426 839.020 2.000
2044.049 745.572 64.374 16.646 3794.917 776.971 2.000
2064.042 749.731 68.553 16.651 3628.854 714.840 2.000
2083.183 753.402 75.345 16.656 3507.485 697.819 2.000
2101.345 756.822 85.757 16.661 3520.755 696.880 2.000
2118.847 760.254 96.886 16.666 3467.475 684.169 2.000
2136.330 763.613 107.685 16.671 3473.674 676.125 2.000
2153.790 767.338 118.452 16.676 3479.951 689.914 2.000
2170.912 770.813 129.401 16.681 3452.400 712.218 2.000
2188.426 774.534 140.115 16.686 3442.704 699.528 2.000
2205.785 777.967 150.745 16.691 3443.812 715.703 2.000
2223.427 781.437 159.762 16.696 3406.155 723.420 2.000
2240.243 784.926 169.079 16.701 3352.483 719.541 2.000
2257.324 788.507 177.720 16.707 3342.858 708.832 2.000
2273.850 792.049 187.088 16.712 3342.664 703.637 2.000
2291.003 795.630 195.607 16.717 3320.129 689.182 2.000
2308.010 799.270 203.811 16.722 3346.206 666.783 2.000
2324.556 802.593 212.325 16.727 3322.690 673.788 2.000
2341.428 805.951 219.857 16.732 3287.688 676.728 2.000
2357.870 809.340 226.781 16.737 3292.649 678.534 2.000
2374.626 812.749 233.328 16.742 3311.654 678.088 2.000
2390.682 816.218 240.168 16.747 3305.580 685.749 2.000
2407.802 819.704 247.004 16.752 3313.670 687.883 2.000
2424.396 823.220 252.766 16.757 3293.225 690.325 2.000
2441.266 826.513 258.284 16.762 3276.066 672.797 2.000
2457.701 829.904 263.745 16.767 3282.742 671.745 2.000
2474.000 833.174 268.698 16.772 3335.813 655.521 2.000
2490.148 836.493 273.149 16.777 3226.162 640.340 2.000
2506.611 839.831 277.568 16.782 3246.043 650.862 2.000
2523.053 843.468 282.414 16.787 3227.283 675.827 2.000
2539.334 846.682 286.578 16.792 3247.212 653.840 2.000
2555.934 850.061 290.732 16.797 3188.856 669.578 2.000
2571.659 853.361 293.530 16.802 3201.048 679.924 2.000
2587.441 856.465 297.962 16.807 3137.294 682.114 2.000
2603.114 859.738 301.207 16.812 3122.058 645.718 2.000
2619.103 862.888 304.062 16.817 3148.261 636.950 2.000
2635.147 866.216 306.798 16.822 3195.062 623.549 2.000
2651.992 869.611 308.959 16.827 3183.082 617.912 2.000
2667.283 872.909 310.953 16.833 3140.438 626.164 2.000
2682.731 875.769 312.549 16.838 3091.789 646.131 2.000
2698.119 879.100 314.405 16.843 3108.703 632.402 2.000
2713.736 882.266 315.355 16.848 3116.206 670.028 2.000
2729.202 885.422 316.236 16.853 3101.007 651.790 2.000
2745.300 888.644 317.146 16.858 3066.839 648.597 2.000
2760.866 891.784 317.282 16.863 3006.767 619.659 2.000
2776.360 895.023 317.272 16.868 3022.018 607.585 2.000
2791.045 898.261 317.600 16.873 2977.811 607.834 2.000
2805.570 901.308 317.829 16.878 3047.593 608.932 2.000
2821.603 904.391 317.121 16.883 3069.607 627.537 2.000
2837.326 907.358 316.082 16.888 3095.320 611.544 2.000
2852.716 910.774 314.708 16.893 3033.059 626.007 2.000
2868.095 913.615 313.174 16.898 3045.371 624.062 2.000
2883.747 916.765 311.181 16.903 3065.017 616.270 2.000
2898.324 919.894 309.317 16.908 3026.210 626.998 2.000
2913.377 923.219 307.314 16.913 2966.751 624.560 2.000
2928.095 926.271 305.347 16.918 2965.183 613.973 2.000
2943.963 929.437 302.537 16.923 2865.811 632.823 2.000
2958.134 932.485 299.577 16.928 2871.432 631.895 2.000
2972.878 935.729 296.516 16.933 2876.855 641.908 2.000
2986.769 938.718 293.206 16.938 2832.441 593.446 2.000
2998.511 941.612 290.253 16.943 2466.690 618.729 2.000
3009.690 945.399 287.517 16.948 2156.751 672.420 2.000
3018.655 947.548 285.427 16.953 1803.294 551.921 2.000
3023.966 950.690 283.655 16.958 933.597 583.669 2.000
3024.382 954.414 282.830 16.963 194.761 477.732 2.000
3022.683 956.859 282.596 16.969 -411.470 599.710 2.000
3019.346 959.915 282.314 16.974 -1255.747 628.876 2.000
3014.426 963.080 282.686 16.979 -1922.998 646.179 2.000
3007.082 965.847 283.537 16.984 -2204.672 658.999 2.000
2996.472 969.238 285.136 16.989 -2283.087 647.428 2.000
2984.910 972.453 287.041 16.994 -2333.690 680.883 2.000
2973.623 976.017 288.338 16.999 -2363.284 657.472 2.000
2961.660 979.435 289.738 17.004 -2283.871 636.970 2.000
2950.331 982.555 290.954 17.009 -2242.441 649.552 2.000
2939.203 985.906 291.482 17.014 -2238.015 630.829 2.000
2926.816 989.170 292.179 17.019 -2224.999 658.453 2.000
2915.574 992.526 292.438 17.024 -2334.148 682.583 2.000
2904.296 995.843 292.675 17.029 -2389.879 697.897 2.000
2892.258 999.351 292.367 17.034 -2395.838 694.374 2.000
2880.858 1002.641 292.053 17.039 -2291.764 656.985 2.000
2869.351 1005.923 291.500 17.044 -2325.160 661.888 2.000
2858.371 1009.016 290.569 17.049 -2263.471 640.766 2.000
2846.584 1012.321 289.356 17.054 -2283.137 637.411 2.000
2834.507 1015.689 288.009 17.059 -2279.903 632.532 2.000
2822.671 1019.008 286.813 17.064 -2224.796 611.664 2.000
2811.795 1022.438 285.382 17.069 -2207.424 650.634 2.000
2800.960 1025.701 283.424 17.074 -2248.361 691.558 2.000
2789.646 1029.185 280.953 17.079 -2250.659 692.431 2.000
2778.518 1032.442 278.447 17.084 -2292.762 707.712 2.000
2766.657 1035.925 276.221 17.089 -2268.214 697.419 2.000
2755.487 1039.508 273.405 17.094 -2288.720 728.364 2.000
2744.036 1043.109 270.448 17.099 -2174.795 695.367 2.000
2662.101 1071.809 227.403 17.144 -2208.301 831.787 2.000
2550.183 1103.632 171.116 17.191 -1902.336 757.660 2.000
2540.766 1107.440 163.803 17.196 -1917.175 757.734 2.000
2531.074 1111.286 156.577 17.201 -2070.747 779.949 2.000
2520.278 1115.381 147.954 17.206 -2108.790 798.296 2.000
2510.420 1118.925 139.427 17.211 -2212.568 805.105 2.000
2498.959 1122.764 130.676 17.216 -2234.547 771.531 2.000
2488.297 1126.797 121.636 17.221 -2328.730 745.192 2.000
2476.749 1130.751 113.243 17.226 -2297.184 751.624 2.000
2464.562 1134.584 105.482 17.231 -2207.135 747.510 2.000
2453.929 1138.373 96.582 17.236 -2131.972 761.089 2.000
2443.244 1142.186 87.776 17.241 -2149.580 739.036 2.000
2432.988 1145.808 78.264 17.246 -2097.900 730.246 2.000
2422.635 1149.528 71.440 17.251 -2044.180 736.301 2.000
2412.873 1152.953 66.748 17.256 -1922.639 743.975 2.000
2403.488 1156.527 63.779 17.261 -1732.825 706.132 2.000
2394.448 1160.428 60.581 17.267 -1660.304 697.274 2.000
2386.643 1163.990 59.181 17.272 -1506.268 677.561 2.000
2379.894 1167.219 60.462 17.277 -1285.537 661.156 2.000
2375.158 1170.400 66.264 17.282 -1126.152 647.861 2.000
2368.388 1173.916 71.061 17.287 -1020.794 670.564 2.000
2363.487 1177.018 77.045 17.292 -891.581 634.925 2.000
2359.245 1180.119 84.899 17.297 -739.373 604.106 2.000
2354.402 1183.402 93.225 17.302 -821.401 636.354 2.000
2350.260 1186.619 100.772 17.307 -820.832 633.963 2.000
2346.718 1189.956 107.916 17.312 -769.536 614.699 2.000
2341.847 1193.362 115.613 17.317 -860.033 642.964 2.000
2336.930 1196.576 123.106 17.322 -990.752 681.082 2.000
2332.569 1199.974 130.268 17.327 -991.180 682.884 2.000
2327.175 1203.292 137.570 17.332 -949.237 667.181 2.000
2323.203 1206.503 144.784 17.337 -1051.745 718.547 2.000
2321.063 1209.027 149.693 17.342 -725.467 581.864 2.000
2315.378 1212.897 156.841 17.347 -669.543 592.116 2.000
2311.257 1216.153 162.732 17.352 -819.484 632.841 2.000
2306.016 1219.488 168.242 17.357 -922.457 646.885 2.000
2300.211 1223.041 173.924 17.362 -920.024 660.655 2.000
2295.677 1226.462 178.813 17.367 -1001.136 707.251 2.000
2291.654 1229.618 182.827 17.372 -1116.213 717.933 2.000
2286.976 1232.850 186.962 17.377 -1132.353 732.354 2.000
2282.418 1236.420 191.618 17.382 -1250.447 761.955 2.000
2274.865 1240.600 197.347 17.387 -933.657 636.866 2.000
2270.516 1243.795 200.892 17.392 -899.597 634.330 2.000
2265.115 1246.965 204.973 17.397 -927.316 643.036 2.000
2259.811 1250.387 208.457 17.403 -944.498 651.521 2.000
2255.867 1253.667 211.262 17.408 -902.068 631.330 2.000
2251.550 1256.769 214.034 17.413 -919.749 622.369 2.000
2247.278 1259.986 216.643 17.418 -897.808 666.779 2.000
2242.658 1263.297 219.359 17.423 -909.291 650.269 2.000
2237.744 1266.730 221.108 17.428 -937.173 662.918 2.000
2232.583 1270.236 222.984 17.433 -936.112 689.056 2.000
2228.108 1273.745 224.358 17.438 -918.193 695.372 2.000
2223.017 1277.344 225.548 17.443 -886.279 709.128 2.000
2219.207 1280.854 226.157 17.448 -896.088 713.797 2.000
2215.070 1284.292 226.356 17.453 -978.732 736.800 2.000
2209.751 1287.863 227.337 17.458 -946.174 715.642 2.000
2205.158 1291.268 227.375 17.463 -930.974 698.640 2.000
2200.680 1294.608 227.386 17.468 -854.062 679.893 2.000
2196.096 1298.182 226.958 17.473 -842.957 659.399 2.000
2192.015 1301.580 226.210 17.478 -829.302 647.381 2.000
2188.185 1304.850 224.959 17.483 -819.138 643.937 2.000
2183.085 1308.348 223.842 17.488 -888.538 660.469 2.000
2178.708 1311.420 223.067 17.493 -927.875 656.974 2.000
2173.475 1314.679 221.854 17.498 -939.856 667.652 2.000
2169.160 1317.955 219.915 17.503 -1012.312 666.715 2.000
2164.916 1321.056 217.536 17.508 -931.437 642.900 2.000
2160.514 1324.318 215.125 17.513 -932.066 635.264 2.000
2155.556 1327.737 212.894 17.518 -924.925 635.448 2.000
2150.970 1331.040 210.435 17.523 -928.520 650.889 2.000
2146.043 1334.307 207.919 17.529 -889.226 652.723 2.000
2140.786 1337.679 204.848 17.534 -810.686 657.311 2.000
2137.213 1340.873 201.578 17.539 -843.973 669.307 2.000
2132.665 1343.911 197.866 17.544 -871.077 637.711 2.000
2128.347 1346.892 193.793 17.549 -918.022 619.521 2.000
2123.805 1349.668 189.912 17.554 -975.253 577.191 2.000
2118.000 1352.891 186.051 17.559 -1010.029 545.237 2.000
2112.670 1355.887 182.065 17.564 -1054.753 523.093 2.000
2107.700 1358.714 177.448 17.569 -1097.985 518.177 2.000
2102.663 1361.121 172.490 17.574 -1117.718 489.421 2.000
2096.556 1363.427 167.850 17.579 -1161.047 475.179 2.000
-128042.734 165002.172 176508.238 17.584 25439045.606 8843163.839 2.000
-19286.904 9214.019 7504.647 17.589 1625668.907 704215.720 2.000
-7345.234 11728.005 10393.009 17.594 102.978 469425.814 2.000
-19789.257 10362.408 -3204.949 17.599 2711837.693 -116290.705 2.000
