1288.719 571.349 332.924 32.853 6019.071 1581.700 2.000
1318.732 579.094 322.865 32.859 5961.030 1503.848 2.000
1347.979 586.176 313.208 32.864 5849.986 1433.289 2.000
1376.889 593.007 303.778 32.869 5798.807 1395.081 2.000
1404.823 599.521 294.515 32.874 5703.087 1372.386 2.000
1430.375 604.937 285.301 32.879 5772.249 1447.407 2.000
1463.224 614.553 272.705 32.884 5029.363 1035.660 2.000
1488.133 619.448 263.142 32.889 5101.908 1055.912 2.000
1512.927 624.000 254.163 32.894 4932.238 992.973 2.000
1538.925 629.540 244.205 32.899 4984.722 1038.627 2.000
1565.054 635.243 233.890 32.904 5014.915 1068.584 2.000
1590.640 641.013 223.140 32.909 5066.995 1089.574 2.000
1615.799 646.566 211.301 32.914 5056.336 1097.425 2.000
1640.614 651.875 200.070 32.919 5057.594 1102.129 2.000
1665.974 657.212 188.230 32.924 5073.147 1116.833 2.000
1691.200 662.237 176.662 32.929 5022.587 1103.733 2.000
1716.168 667.324 165.164 32.934 4975.681 1062.955 2.000
1740.858 672.804 153.372 32.939 4929.236 1057.130 2.000
1765.523 677.958 141.691 32.944 4677.482 906.144 2.000
1789.676 683.135 129.150 32.949 4679.083 926.573 2.000
1813.285 688.109 115.813 32.954 4687.299 948.591 2.000
1836.792 693.012 102.842 32.960 4706.584 995.576 2.000
1860.583 697.820 90.135 32.965 4693.520 1018.750 2.000
1883.970 702.926 79.647 32.970 4639.452 1061.400 2.000
1906.702 707.691 72.316 32.975 4524.303 1053.537 2.000
1928.998 711.707 65.258 32.980 4463.384 957.057 2.000
1949.939 716.138 62.531 32.985 4284.368 908.608 2.000
1970.404 720.764 63.419 32.990 4182.560 803.983 2.000
1991.865 725.611 63.978 32.995 3881.239 702.172 2.000
2011.480 729.921 66.734 33.000 3710.558 706.658 2.000
2031.151 733.765 73.994 33.005 3623.440 689.966 2.000
2050.006 737.149 84.421 33.010 3558.488 764.802 2.000
2068.115 740.774 95.594 33.015 3581.137 708.296 2.000
2085.743 744.017 107.513 33.020 3517.391 701.226 2.000
2103.256 747.477 118.776 33.025 3488.404 670.557 2.000
2119.809 750.699 128.819 33.030 3431.643 661.574 2.000
2137.926 754.356 139.081 33.035 3434.046 663.605 2.000
2155.109 758.031 149.369 33.040 3373.919 643.813 2.000
2172.387 761.475 159.221 33.045 3344.160 633.273 2.000
2189.761 764.616 168.613 33.050 3385.638 659.933 2.000
2206.894 767.867 178.334 33.055 3370.212 652.788 2.000
2223.651 770.949 187.214 33.060 3343.436 703.941 2.000
2240.285 774.311 195.460 33.065 3401.627 708.580 2.000
2257.854 777.993 204.046 33.070 3467.568 690.329 2.000
2274.855 781.597 212.306 33.075 3454.202 691.378 2.000
2292.654 785.148 220.531 33.081 3358.179 658.336 2.000
2309.384 788.389 228.341 33.086 3437.914 672.122 2.000
2326.591 791.560 236.039 33.091 3368.314 660.485 2.000
2342.936 794.936 242.924 33.096 3290.147 670.678 2.000
2358.891 798.040 249.305 33.101 3269.976 654.802 2.000
2374.461 801.761 254.330 33.106 3145.160 657.294 2.000
2390.852 805.110 260.170 33.111 3044.883 653.937 2.000
2407.607 808.330 265.569 33.116 3082.839 634.441 2.000
2423.495 811.271 271.013 33.121 3186.875 609.352 2.000
2440.307 814.713 275.755 33.126 3233.455 640.000 2.000
2456.521 817.993 280.314 33.131 3285.392 637.817 2.000
2472.469 820.889 284.352 33.136 3333.948 635.626 2.000
2488.601 824.024 288.528 33.141 3345.408 594.402 2.000
2505.192 826.986 292.574 33.146 3365.859 585.553 2.000
2521.821 830.207 295.935 33.151 3370.563 548.717 2.000
2538.622 832.969 301.045 33.156 3157.429 561.482 2.000
2554.934 835.774 304.712 33.161 3062.426 593.667 2.000
2556.067 830.705 321.934 33.166 1685.544 -176.469 2.000
2571.795 834.104 324.547 33.171 1906.831 -59.227 2.000
2587.690 837.337 326.948 33.176 2344.337 172.664 2.000
2603.439 840.121 329.516 33.181 2719.532 397.486 2.000
2616.595 841.615 333.188 33.186 2808.941 442.550 2.000
2632.416 844.595 335.333 33.191 3308.475 711.350 2.000
2647.219 847.119 337.526 33.196 3918.315 1002.593 2.000
2666.634 852.267 336.917 33.201 3930.917 954.436 2.000
2682.235 854.782 338.204 33.206 4261.374 1140.113 2.000
2697.441 857.087 337.854 33.212 4669.668 1383.031 2.000
2727.224 868.203 326.077 33.217 3190.242 642.899 2.000
2744.046 871.663 325.434 33.222 3069.972 583.964 2.000
2759.581 874.515 324.995 33.227 3123.926 614.840 2.000
2775.018 877.326 324.146 33.232 3111.082 605.059 2.000
2790.901 880.330 323.277 33.237 3112.432 600.569 2.000
2806.482 883.271 322.286 33.242 3058.391 575.642 2.000
2822.165 885.721 321.414 33.247 3093.420 497.249 2.000
