2830.040 787.540 358.394 422.108 2649.771 799.819 2.000
2843.302 791.595 356.667 422.113 2699.911 785.553 2.000
2857.198 795.447 355.788 422.118 2659.468 798.653 2.000
2870.839 799.585 355.166 422.124 2692.783 791.670 2.000
2884.930 803.537 354.415 422.129 2726.393 818.708 2.000
2895.486 806.210 353.645 422.134 2325.701 627.237 2.000
2906.423 809.106 352.332 422.139 2069.815 507.497 2.000
2919.625 813.027 350.774 422.144 2287.109 577.015 2.000
2931.213 815.950 349.769 422.149 2287.109 577.015 2.000
2942.643 818.834 348.777 422.154 2287.109 577.015 2.000
2954.144 821.735 347.779 422.159 2287.109 577.015 2.000
2965.623 824.632 346.784 422.164 2287.109 577.015 2.000
2977.108 827.529 345.787 422.169 2287.109 577.015 2.000
2988.592 830.426 344.791 422.174 2287.109 577.015 2.000
3000.096 833.329 343.793 422.179 2287.109 577.015 2.000
3011.579 836.226 342.796 422.184 2287.109 577.015 2.000
3023.070 839.125 341.799 422.189 2287.109 577.015 2.000
1020.861 379.197 454.152 423.613 5660.593 1002.842 1.000
1053.782 384.713 448.599 423.618 5574.526 968.093 1.000
1086.078 390.478 445.329 423.624 5620.571 962.525 1.000
1113.903 395.091 439.979 423.629 5570.432 940.425 1.000
1142.361 399.910 434.491 423.634 5438.634 927.399 1.000
1169.725 404.578 428.788 423.639 5401.490 922.250 1.000
1196.779 409.300 422.715 423.644 5359.855 936.628 1.000
1224.383 414.213 416.745 423.649 5319.154 918.381 1.000
1251.469 418.500 410.836 423.654 5231.019 936.680 1.000
1277.750 423.148 404.051 423.659 5219.750 927.466 1.000
1304.579 427.919 397.695 423.665 5169.425 916.293 1.000
1330.434 432.592 390.214 423.670 5147.113 925.722 1.000
1356.467 437.389 382.770 423.675 5164.377 972.303 1.000
1382.777 442.447 375.118 423.680 5172.795 978.007 1.000
1408.947 447.184 367.325 423.685 5148.953 980.967 1.000
1434.631 452.020 359.114 423.690 5087.558 963.422 1.000
1460.382 456.666 350.962 423.695 5009.752 974.494 1.000
1485.655 461.559 342.406 423.700 5020.360 978.585 1.000
1510.535 466.477 333.261 423.705 4988.553 983.077 1.000
1518.941 476.212 309.312 423.710 5093.764 1106.827 2.000
1544.617 481.863 298.451 423.715 5069.306 1083.406 2.000
1570.165 487.359 287.432 423.720 5059.717 1067.615 2.000
1597.735 493.812 275.242 423.725 4841.174 990.325 2.000
1623.215 498.723 264.912 423.730 4839.001 1022.384 2.000
1647.262 503.643 253.845 423.735 4890.015 1032.381 2.000
1671.958 508.901 242.958 423.740 4871.907 994.735 2.000
1695.852 513.873 232.257 423.745 4840.368 987.286 2.000
1720.889 518.824 220.294 423.750 4803.957 991.174 2.000
1745.565 523.943 208.389 423.755 4739.655 992.725 2.000
1770.073 529.066 196.356 423.760 4673.356 978.134 2.000
1794.073 534.018 184.500 423.765 4666.475 978.305 2.000
1816.702 538.497 172.169 423.770 4505.724 888.871 2.000
1839.709 543.290 159.971 423.776 4430.523 875.730 2.000
1863.242 547.814 147.135 423.781 4488.159 931.777 2.000
1886.454 552.689 134.271 423.786 4535.501 975.343 2.000
1909.183 557.662 121.414 423.791 4540.474 945.778 2.000
1932.517 562.390 108.545 423.796 4500.051 947.314 2.000
1954.654 567.028 95.561 423.801 4552.143 961.253 2.000
1977.012 571.595 85.132 423.806 4486.802 947.332 2.000
1998.945 575.762 76.095 423.811 4396.163 963.714 2.000
2019.747 579.856 68.909 423.816 4248.062 950.655 2.000
2042.926 585.170 61.871 423.821 3903.726 896.604 2.000
2064.787 589.523 57.783 423.826 3509.603 849.689 2.000
2084.187 593.439 57.638 423.831 3362.351 871.086 2.000
2102.685 597.216 61.454 423.836 3239.553 905.040 2.000
2120.490 601.287 73.245 423.841 3203.603 939.504 2.000
2136.734 606.353 83.575 423.846 3168.869 871.002 2.000
2152.999 610.640 96.422 423.851 3103.546 842.336 2.000
2168.887 614.969 108.751 423.856 3111.319 837.363 2.000
2184.524 619.235 121.142 423.861 3206.875 821.165 2.000
2200.531 623.815 133.446 423.866 3217.475 818.799 2.000
2216.157 627.703 144.669 423.871 3233.962 851.657 2.000
2232.879 631.893 156.193 423.876 3191.110 838.409 2.000
2249.479 636.231 166.156 423.881 3175.545 803.323 2.000
2265.474 640.362 176.765 423.886 3147.821 830.804 2.000
2281.012 644.295 186.748 423.891 3186.162 838.136 2.000
2297.306 648.440 196.820 423.897 3194.835 839.839 2.000
2314.002 652.860 206.089 423.902 3135.902 833.026 2.000
2330.414 656.976 215.545 423.907 3124.025 804.058 2.000
2345.420 661.398 224.830 423.912 3089.289 799.749 2.000
2361.687 665.359 233.865 423.917 3062.206 800.596 2.000
2376.966 669.290 241.263 423.922 3116.118 809.391 2.000
2393.165 673.370 249.022 423.927 3069.736 806.696 2.000
2408.496 677.709 256.928 423.932 3075.954 798.209 2.000
2424.743 681.491 264.406 423.937 3070.508 812.651 2.000
2440.359 685.636 271.894 423.942 3039.005 789.025 2.000
2455.417 689.642 278.180 423.947 2990.222 814.272 2.000
2471.366 693.560 285.627 423.952 2958.756 824.149 2.000
2486.158 697.697 291.482 423.957 3015.165 845.209 2.000
2501.092 702.275 297.395 423.962 3049.181 844.453 2.000
2517.220 706.197 303.763 423.967 2985.192 839.072 2.000
2532.154 710.396 309.523 423.972 2985.490 833.946 2.000
2547.623 714.611 315.039 423.977 3014.421 815.500 2.000
2562.996 718.685 319.904 423.982 3031.312 820.715 2.000
2577.541 723.000 325.155 423.987 3093.884 812.598 2.000
2592.844 727.057 328.848 423.992 3058.340 816.556 2.000
2608.085 731.512 333.055 423.997 3066.648 780.825 2.000
2623.979 735.487 335.949 424.002 3000.173 796.516 2.000
2639.073 739.434 339.571 424.007 2931.017 802.772 2.000
2654.159 743.081 342.748 424.012 2931.966 815.593 2.000
2669.369 747.313 345.799 424.018 2897.411 809.701 2.000
2684.815 751.342 348.588 424.023 2860.919 798.281 2.000
2687.179 749.669 358.357 424.028 1300.504 1.443 2.000
2690.381 748.300 366.571 424.033 -0.447 -616.872 2.000
2692.809 746.410 375.337 424.038 -1017.046 -1114.165 2.000
2694.953 744.119 383.619 424.043 -1764.768 -1480.016 2.000
2693.942 740.793 393.890 424.048 -2122.285 -1657.982 2.000
2689.731 735.585 406.065 424.053 -2070.510 -1623.302 2.000
2680.417 727.547 419.973 424.058 -2243.423 -1627.010 2.000
2673.311 721.733 430.962 424.063 -1637.750 -1387.302 2.000
2663.401 713.620 440.976 424.068 -747.680 -915.647 2.000
2650.218 703.550 454.678 424.073 579.945 -172.515 2.000
2652.676 702.946 456.266 424.078 532.144 -192.460 2.000
2655.524 701.436 457.358 424.083 511.412 -167.695 2.000
2659.440 700.385 458.383 424.088 327.586 -161.674 2.000
2661.788 699.658 459.736 424.093 362.753 -181.951 2.000
2664.261 698.793 460.651 424.098 385.972 -203.424 2.000
2666.716 697.883 463.452 424.103 377.210 -210.484 2.000
2668.011 697.115 462.092 424.108 542.386 -223.552 2.000
2670.497 695.834 462.693 424.113 401.772 -193.457 2.000
2672.952 695.117 463.408 424.119 358.266 -215.370 2.000
2674.190 693.876 463.925 424.124 472.744 -195.389 2.000
2676.223 692.905 462.795 424.129 500.640 -197.839 2.000
2678.523 691.907 462.493 424.134 536.695 -199.729 2.000
2681.213 690.926 463.430 424.139 460.871 -182.182 2.000
2683.555 689.961 463.382 424.144 473.465 -188.920 2.000
2686.004 688.984 463.648 424.149 473.465 -188.920 2.000
2688.366 688.042 463.904 424.154 473.465 -188.920 2.000
2690.741 687.094 464.162 424.159 473.465 -188.920 2.000
2693.125 686.143 464.421 424.164 473.465 -188.920 2.000
