1320.706 323.961 462.584 15.409 5443.432 1370.349 1.000
1348.045 330.835 460.412 15.414 5367.066 1298.547 1.000
1375.888 338.036 458.733 15.419 5332.544 1169.965 1.000
1402.937 343.953 452.814 15.424 5334.872 1168.772 1.000
1429.934 349.607 446.355 15.429 5300.629 1182.678 1.000
1456.847 355.203 440.095 15.434 5219.181 1197.906 1.000
1483.538 361.174 432.947 15.439 5289.149 1161.863 1.000
1509.891 367.246 425.907 15.444 5331.481 1125.192 1.000
1536.512 373.157 418.474 15.449 5218.459 1117.868 1.000
1561.545 379.040 413.032 15.454 5245.843 1091.148 1.000
1588.756 384.573 402.903 15.459 5148.121 1135.785 1.000
1615.386 390.064 395.371 15.464 5134.490 1119.403 1.000
1640.585 395.495 386.353 15.469 5079.470 1103.091 1.000
1666.583 401.228 376.958 15.474 5084.570 1122.004 1.000
1692.485 406.919 367.606 15.479 5063.396 1127.020 1.000
1718.392 412.596 358.204 15.484 5009.159 1127.278 1.000
1745.578 254.385 63.833 15.489 9276.412 2240.049 2.000
1784.705 266.541 41.583 15.494 9118.787 1866.593 2.000
1827.770 274.817 28.155 15.499 8693.579 1691.067 2.000
1868.348 282.151 14.944 15.504 8330.542 1561.228 2.000
1905.550 287.475 4.829 15.510 8287.923 1681.823 2.000
1955.165 298.976 -12.951 15.515 6384.444 988.950 2.000
1989.979 303.459 -22.862 15.520 6574.148 865.431 2.000
2023.988 308.670 -34.889 15.525 6726.220 924.066 2.000
2058.231 313.815 -47.266 15.530 6781.796 969.132 2.000
2089.532 319.732 -64.702 15.535 6817.339 988.430 2.000
2123.446 324.828 -78.150 15.540 6837.606 1037.398 2.000
2158.764 329.805 -89.957 15.545 6686.105 1090.287 2.000
2191.881 335.119 -103.367 15.550 6651.612 1104.408 2.000
2227.825 340.025 -114.610 15.555 6859.713 1059.474 2.000
2261.466 344.983 -128.877 15.560 6876.627 1073.530 2.000
2296.653 350.442 -144.190 15.565 6577.568 965.634 2.000
2326.986 355.945 -160.892 15.570 6346.431 970.235 2.000
2358.836 361.038 -178.570 15.575 6633.294 895.234 2.000
2391.404 365.935 -194.199 15.580 6628.031 886.488 2.000
2426.158 370.378 -208.318 15.585 6443.453 947.116 2.000
2458.755 375.280 -224.731 15.590 6399.426 969.621 2.000
2493.667 379.468 -238.060 15.595 6664.257 916.168 2.000
2526.323 383.988 -254.662 15.600 6535.232 926.164 2.000
2558.364 388.708 -269.219 15.606 6481.070 943.946 2.000
2586.056 393.269 -288.028 15.611 6376.538 875.500 2.000
2615.879 397.489 -296.396 15.616 6125.683 855.885 2.000
2646.020 401.920 -297.522 15.621 5635.821 822.206 2.000
2673.325 406.173 -299.848 15.626 5309.536 757.863 2.000
2702.439 410.441 -298.534 15.631 5160.070 740.336 2.000
2728.149 413.986 -295.366 15.636 4872.730 687.580 2.000
2753.873 417.417 -289.312 15.641 4609.260 700.818 2.000
2774.130 421.361 -284.093 15.646 4662.228 729.368 2.000
2797.472 425.167 -272.858 15.651 4631.122 665.986 2.000
2819.782 428.940 -260.608 15.656 4685.718 655.711 2.000
2844.354 432.173 -246.034 15.661 4387.251 743.029 2.000
2866.249 435.859 -234.042 15.666 4351.323 744.459 2.000
2889.877 438.970 -220.049 15.671 4511.515 708.246 2.000
2912.605 442.453 -209.660 15.676 4505.696 678.594 2.000
2935.923 446.051 -199.764 15.681 4527.771 701.548 2.000
2956.058 450.651 -194.435 15.686 4696.047 687.565 2.000
2978.422 454.264 -184.559 15.691 4616.708 703.535 2.000
3002.295 457.431 -173.060 15.696 4392.478 743.283 2.000
3024.392 461.270 -163.910 15.701 4382.831 737.448 2.000
3047.961 464.494 -152.946 15.707 4512.023 690.486 2.000
3070.379 468.158 -144.672 15.712 4497.749 722.559 2.000
3093.488 471.678 -137.083 15.717 4433.971 712.645 2.000
3113.541 475.993 -133.632 15.722 4517.541 705.483 2.000
3135.800 480.025 -126.218 15.727 4510.302 693.857 2.000
3158.624 483.034 -117.141 15.732 4329.639 723.936 2.000
3179.984 486.613 -110.176 15.737 4321.653 736.129 2.000
3202.499 490.174 -103.295 15.742 4278.705 734.390 2.000
3225.698 493.421 -95.358 15.747 4387.209 666.092 2.000
3248.367 497.169 -89.799 15.752 4402.751 698.631 2.000
3268.809 501.376 -87.287 15.757 4525.188 670.373 2.000
3291.598 505.063 -82.583 15.762 4571.659 703.323 2.000
3314.931 508.171 -76.741 15.767 4442.694 727.660 2.000
3336.546 511.628 -71.607 15.772 4408.909 708.081 2.000
3358.388 514.870 -67.324 15.777 4385.978 711.924 2.000
3381.261 518.444 -61.475 15.782 4387.555 674.780 2.000
3404.276 522.089 -57.890 15.787 4323.485 689.654 2.000
3426.459 525.533 -55.117 15.792 4263.305 658.740 2.000
3447.155 529.230 -52.880 15.797 4219.547 695.109 2.000
3469.036 532.801 -52.132 15.802 4396.726 660.551 2.000
3490.830 536.001 -48.522 15.807 4233.465 680.008 2.000
3512.116 539.162 -45.878 15.812 4285.476 701.779 2.000
3534.665 542.347 -41.884 15.817 4413.679 658.659 2.000
3556.929 546.189 -40.803 15.822 4392.237 680.634 2.000
3578.604 549.783 -39.533 15.827 4317.270 658.873 2.000
3599.723 553.208 -39.949 15.833 4258.405 729.344 2.000
3621.410 556.931 -41.134 15.838 4379.708 705.346 2.000
3643.139 560.343 -39.071 15.843 4199.584 731.711 2.000
3664.587 563.891 -38.703 15.848 4183.983 735.349 2.000
3686.241 567.570 -38.760 15.853 4323.793 741.784 2.000
3709.533 570.891 -37.640 15.858 4374.336 697.685 2.000
3731.451 574.331 -38.648 15.863 4378.629 658.548 2.000
3751.878 578.045 -40.942 15.868 4382.380 690.999 2.000
3773.221 581.333 -44.170 15.873 4456.562 626.679 2.000
3795.462 584.603 -44.891 15.878 4252.568 666.665 2.000
3816.952 587.933 -46.518 15.883 4220.753 663.512 2.000
3838.346 591.320 -48.792 15.888 4287.885 662.930 2.000
3861.453 594.344 -50.135 15.893 4289.489 624.431 2.000
3884.041 597.688 -53.698 15.898 4320.253 632.185 2.000
3904.704 600.865 -56.763 15.903 4312.433 671.705 2.000
