1034.780 430.457 455.937 419.584 5556.396 1044.985 1.000
1063.287 436.010 451.881 419.589 5466.037 960.880 1.000
1090.728 440.849 447.294 419.594 5368.617 931.147 1.000
1118.227 445.728 442.207 419.599 5305.613 893.730 1.000
1144.697 450.272 436.469 419.604 5220.856 876.696 1.000
1171.239 454.615 431.211 419.609 5131.536 900.247 1.000
1198.009 459.330 425.809 419.614 5024.709 910.457 1.000
1223.647 463.744 419.636 419.619 5009.776 932.078 1.000
1249.559 468.629 412.666 419.624 5028.389 907.149 1.000
1274.828 473.183 405.528 419.629 5075.764 936.453 1.000
1301.083 477.853 397.902 419.634 5048.055 974.967 1.000
1325.979 482.612 390.448 419.639 5041.942 986.723 1.000
1351.451 487.462 382.957 419.644 4998.332 1002.287 1.000
1376.161 492.426 374.983 419.649 4964.360 992.993 1.000
1401.929 497.655 366.684 419.654 4934.644 985.277 1.000
1427.271 502.509 358.005 419.660 4941.087 1004.726 1.000
1451.986 507.747 348.898 419.665 4867.561 1006.648 1.000
1459.104 517.902 325.265 419.670 4949.289 1218.569 2.000
1484.029 524.167 314.315 419.675 4969.158 1211.660 2.000
1509.178 530.233 303.034 419.680 4954.471 1188.775 2.000
1535.409 536.880 291.382 419.685 4809.267 1072.774 2.000
1559.452 542.263 280.239 419.690 4804.982 1076.164 2.000
1583.416 547.916 269.611 419.695 4782.507 1055.697 2.000
1607.871 553.205 259.284 419.700 4735.255 1030.736 2.000
1631.934 558.383 248.490 419.705 4728.334 1025.349 2.000
1656.549 563.913 236.727 419.710 4704.702 1004.342 2.000
1680.784 569.129 225.195 419.715 4689.518 1000.450 2.000
1705.276 574.405 213.059 419.720 4684.490 991.450 2.000
1727.938 579.141 201.017 419.725 4693.290 1024.677 2.000
1751.659 584.180 188.984 419.730 4671.438 1039.650 2.000
1775.039 589.477 177.087 419.735 4651.828 1007.677 2.000
1798.364 594.236 164.667 419.740 4502.256 966.441 2.000
1821.669 599.095 151.767 419.745 4444.430 952.361 2.000
1845.575 604.428 137.945 419.751 4465.147 974.906 2.000
1868.452 609.395 124.765 419.756 4402.743 942.824 2.000
1890.524 614.152 111.199 419.761 4448.411 970.726 2.000
1912.565 619.063 98.938 419.766 4428.531 954.266 2.000
1934.436 624.112 86.536 419.771 4380.771 1030.736 2.000
1957.099 628.457 77.373 419.776 4241.592 1093.796 2.000
1978.539 632.707 69.093 419.781 4078.269 1102.780 2.000
1999.209 637.117 62.717 419.786 3932.176 1085.420 2.000
2020.965 641.956 57.995 419.791 3669.666 1028.545 2.000
2041.106 647.009 56.946 419.796 3472.815 921.405 2.000
2058.160 652.267 62.530 419.801 3466.921 851.868 2.000
2077.287 657.098 68.316 419.806 3266.152 818.216 2.000
2094.554 660.919 80.318 419.811 3212.397 834.727 2.000
2111.397 665.264 92.770 419.816 3166.056 826.295 2.000
2128.509 669.698 105.261 419.821 3145.023 829.323 2.000
2145.092 673.940 117.749 419.827 3164.508 855.464 2.000
2161.208 678.187 129.302 419.832 3124.700 846.147 2.000
2177.247 682.390 140.771 419.837 3129.860 850.335 2.000
2192.687 686.499 150.915 419.842 3225.477 856.886 2.000
2209.083 690.837 161.715 419.847 3195.423 842.883 2.000
2225.353 695.097 172.383 419.852 3156.015 823.065 2.000
2241.569 699.285 182.724 419.857 3188.890 797.755 2.000
2257.656 703.583 192.045 419.862 3171.612 802.767 2.000
2273.951 707.787 201.518 419.867 3180.446 801.063 2.000
2289.944 711.754 210.671 419.872 3170.432 790.015 2.000
2305.295 715.657 218.387 419.877 3214.467 812.269 2.000
2321.851 719.855 226.845 419.882 3167.868 826.222 2.000
2338.247 723.909 234.825 419.887 3070.328 847.964 2.000
2354.408 728.213 243.510 419.892 3079.117 843.116 2.000
2369.702 732.218 251.434 419.897 3064.107 845.216 2.000
2385.716 736.401 258.819 419.902 3004.947 843.412 2.000
2400.671 740.961 266.156 419.907 3050.675 821.884 2.000
2416.094 745.102 272.078 419.912 3129.502 826.149 2.000
2431.688 749.010 278.429 419.917 3101.518 834.703 2.000
2447.443 753.549 284.777 419.922 3036.040 817.038 2.000
2462.931 757.739 291.452 419.927 2999.066 821.901 2.000
2478.383 761.865 297.012 419.932 3004.507 822.171 2.000
2493.913 765.682 302.781 419.937 2944.660 823.778 2.000
2508.364 769.811 308.286 419.942 2979.273 806.132 2.000
2523.931 773.997 313.899 419.947 2928.609 781.409 2.000
2538.940 778.195 317.577 419.953 2974.502 795.042 2.000
2554.346 782.150 322.085 419.958 2948.830 782.157 2.000
2569.279 786.497 326.612 419.963 3011.524 791.550 2.000
2583.954 790.415 331.103 419.968 2995.394 811.205 2.000
2599.181 794.468 334.707 419.973 2997.924 810.049 2.000
2614.458 798.207 337.862 419.978 2910.356 813.555 2.000
2629.089 802.173 341.256 419.983 2934.181 825.139 2.000
2643.757 806.459 343.244 419.988 2845.217 810.604 2.000
2659.202 810.507 345.400 419.993 2878.223 801.723 2.000
2674.197 814.970 347.665 419.998 2780.837 781.240 2.000
2688.853 818.808 350.139 420.003 2845.963 765.724 2.000
2702.640 822.717 352.187 420.008 2852.671 737.601 2.000
2716.371 826.470 354.198 420.013 2936.095 729.606 2.000
2731.252 830.196 355.459 420.018 2877.715 738.336 2.000
2745.366 834.046 357.026 420.023 2893.271 714.901 2.000
2759.908 837.605 357.174 420.028 2865.862 721.101 2.000
2772.799 842.045 357.551 420.033 3338.339 730.413 2.000
2790.695 844.899 357.644 420.038 2705.265 772.541 2.000
2805.001 849.042 358.060 420.043 2682.967 729.496 2.000
2819.092 852.349 358.022 420.048 2800.995 787.548 2.000
2832.770 856.298 357.306 420.053 2814.324 793.388 2.000
2847.025 860.151 356.283 420.058 2808.496 785.441 2.000
2861.326 864.105 354.281 420.063 2875.163 767.443 2.000
2875.050 867.968 353.000 420.068 2843.184 747.027 2.000
2889.720 871.751 351.162 420.073 2780.165 735.959 2.000
2903.938 875.738 349.692 420.079 2737.824 744.043 2.000
2918.462 879.431 347.335 420.084 2789.133 750.999 2.000
2932.696 883.185 344.811 420.089 2842.379 798.828 2.000
2946.940 887.271 342.239 420.094 2829.277 789.782 2.000
2960.517 891.192 338.085 420.099 2854.770 818.921 2.000
2974.945 895.053 334.403 420.104 2787.249 818.687 2.000
2988.849 898.976 331.042 420.109 2762.136 851.900 2.000
3002.678 903.217 327.446 420.114 2804.005 814.309 2.000
3016.996 907.217 322.910 420.119 2780.753 761.143 2.000
3031.385 911.416 318.848 420.124 2791.949 745.178 2.000
3046.129 915.163 314.257 420.129 2795.164 723.178 2.000
3059.245 919.379 310.719 420.134 2855.038 680.819 2.000
-69656.746 11435.945 13884.997 420.139 2853336.814 -267155.285 2.000
244801.860 -191128.606 52605.106 420.144 -14741284.576 11769571.037 2.000
-106746.454 -6441.473 -6235.760 420.149 4700257.200 -2651189.359 2.000
2994.764 5231.495 4575.849 420.154 810720.398 -469499.773 2.000
