883.607 469.919 414.982 22.358 5957.451 1308.213 1.000
911.357 476.955 412.776 22.363 5599.966 1317.679 1.000
939.424 483.260 410.071 22.368 5448.274 1319.150 1.000
968.356 488.993 406.995 22.373 5501.584 1309.484 1.000
996.908 495.901 403.084 22.378 5353.191 1233.305 1.000
1027.194 501.298 397.045 22.384 5452.757 1164.527 1.000
1055.034 507.088 392.724 22.389 5712.059 1077.834 1.000
1083.850 512.440 388.120 22.394 5737.074 1086.055 1.000
1111.393 518.250 383.296 22.399 5839.678 1035.593 1.000
1139.449 523.629 378.650 22.404 5893.222 999.151 1.000
1168.157 529.027 373.607 22.409 5916.420 1002.014 1.000
1198.789 533.689 366.818 22.414 5746.777 1039.850 1.000
1228.324 538.806 360.323 22.419 5524.153 1097.660 1.000
1256.133 544.215 354.175 22.424 5409.870 1127.282 1.000
1283.582 550.127 347.010 22.429 5371.511 1117.858 1.000
1308.250 556.302 341.646 22.434 5119.755 1160.639 1.000
1334.251 562.245 335.129 22.439 5096.039 1191.642 1.000
1360.745 568.062 327.634 22.444 5069.351 1208.709 1.000
1385.429 574.422 321.217 22.449 4841.356 1278.984 1.000
1407.860 584.071 288.005 22.454 5562.723 1252.940 2.000
1435.555 590.278 278.185 22.459 5506.438 1238.199 2.000
1462.429 596.152 268.548 22.464 5410.017 1202.499 2.000
1489.395 602.275 258.780 22.469 5031.357 1009.732 2.000
1515.332 607.708 249.346 22.474 5108.029 1046.094 2.000
1541.375 612.749 239.578 22.479 5093.970 1031.334 2.000
1568.057 618.431 229.926 22.484 5128.474 1045.766 2.000
1594.403 623.916 219.517 22.489 5176.792 1047.829 2.000
1621.224 629.656 208.267 22.495 5207.461 1085.367 2.000
1647.183 635.070 196.806 22.500 5240.033 1116.372 2.000
1672.604 640.726 185.834 22.505 5215.495 1125.990 2.000
1698.233 646.077 174.713 22.510 5249.320 1157.996 2.000
1724.065 651.496 163.037 22.515 5202.085 1154.970 2.000
1751.428 657.682 150.224 22.520 5006.490 1085.189 2.000
1777.278 663.179 138.107 22.525 4985.559 1099.222 2.000
1802.405 668.591 125.631 22.530 4972.360 1075.712 2.000
1827.166 673.879 111.820 22.535 4936.723 1045.594 2.000
1852.509 679.175 98.730 22.540 4931.851 1004.259 2.000
1876.892 683.999 86.719 22.545 4943.863 982.589 2.000
1900.686 688.970 77.475 22.550 4840.651 948.878 2.000
1925.074 694.450 67.642 22.555 4721.441 1010.030 2.000
1948.239 698.349 59.918 22.560 4576.748 890.942 2.000
1970.327 702.904 56.684 22.565 4299.622 854.234 2.000
1991.738 706.708 54.924 22.570 4089.166 761.155 2.000
2011.313 710.278 60.933 22.575 3989.620 734.948 2.000
2031.514 714.161 64.738 22.580 3798.324 699.185 2.000
2050.812 717.916 71.532 22.585 3571.735 669.177 2.000
2069.320 721.555 80.442 22.590 3514.036 659.084 2.000
2086.994 724.854 91.656 22.595 3496.469 645.536 2.000
2104.696 727.919 103.033 22.600 3462.768 655.087 2.000
2122.470 731.081 113.616 22.605 3491.271 639.375 2.000
2139.572 734.204 124.086 22.611 3449.921 630.489 2.000
2157.108 737.160 134.225 22.616 3433.182 642.191 2.000
2174.443 740.555 143.906 22.621 3447.607 605.324 2.000
2191.507 743.860 153.716 22.626 3428.149 597.648 2.000
2208.513 746.892 162.920 22.631 3434.394 601.484 2.000
2226.417 749.999 171.737 22.636 3409.500 615.673 2.000
2243.524 752.783 180.500 22.641 3415.695 623.426 2.000
2260.838 755.797 188.505 22.646 3431.279 612.932 2.000
2278.157 759.067 196.731 22.651 3418.395 625.214 2.000
2294.670 762.111 204.392 22.656 3411.839 614.569 2.000
2311.949 765.089 211.819 22.661 3364.000 595.474 2.000
2329.162 768.121 219.086 22.666 3364.576 576.124 2.000
2346.308 771.167 227.049 22.671 3380.637 566.804 2.000
2363.256 774.309 233.806 22.676 3313.987 603.281 2.000
2379.598 777.205 240.182 22.681 3266.983 617.331 2.000
2395.050 779.779 246.036 22.686 3178.030 566.690 2.000
2412.039 782.958 251.565 22.691 3214.939 573.400 2.000
2428.302 786.245 257.212 22.696 3219.172 593.556 2.000
2445.277 789.096 262.555 22.701 3323.057 618.686 2.000
2462.199 792.052 267.489 22.706 3327.968 611.200 2.000
2478.654 795.123 272.123 22.711 3335.005 596.361 2.000
2494.923 798.328 276.674 22.716 3413.723 602.702 2.000
2511.440 801.259 280.738 22.721 3355.286 593.092 2.000
2527.495 803.858 284.988 22.726 3327.748 593.036 2.000
2544.222 806.803 288.767 22.731 3310.092 599.496 2.000
2561.837 810.299 291.995 22.737 3207.497 556.558 2.000
2577.808 813.125 295.272 22.742 3204.961 550.081 2.000
2594.555 815.790 298.739 22.747 3142.354 568.784 2.000
2610.282 818.614 301.030 22.752 3248.813 580.086 2.000
2626.514 821.358 303.321 22.757 3239.533 564.529 2.000
2642.335 824.056 305.899 22.762 3207.705 527.797 2.000
2658.401 826.746 307.504 22.767 3236.285 546.144 2.000
2674.573 829.463 309.186 22.772 3199.980 536.667 2.000
2691.268 832.479 310.051 22.777 3152.130 522.928 2.000
2707.131 835.103 311.064 22.782 3136.070 516.667 2.000
2722.799 837.596 312.221 22.787 3132.085 523.909 2.000
2738.120 840.074 312.517 22.792 3093.185 509.525 2.000
2753.885 842.727 312.726 22.797 3076.264 512.616 2.000
2769.540 845.333 313.157 22.802 3093.989 527.699 2.000
2785.103 848.134 312.565 22.807 3103.353 543.482 2.000
2800.861 850.977 311.935 22.812 3053.486 530.374 2.000
2815.764 853.289 311.804 22.817 3017.850 512.108 2.000
2831.013 855.881 311.020 22.822 2996.763 504.292 2.000
2846.232 858.467 309.807 22.827 3027.099 536.202 2.000
2859.931 860.386 309.430 22.832 2889.943 458.727 2.000
2875.823 862.871 307.568 22.837 2977.259 456.374 2.000
2891.124 865.222 305.703 22.842 2947.158 416.404 2.000
2901.560 865.916 304.847 22.847 2520.307 259.240 2.000
2917.643 868.695 301.862 22.852 2733.578 337.829 2.000
2933.020 871.090 299.736 22.858 2934.953 436.981 2.000
2946.912 873.347 297.206 22.863 2838.003 444.298 2.000
2961.731 876.068 294.077 22.868 2832.095 501.050 2.000
2976.108 878.240 290.875 22.873 2922.713 509.838 2.000
2988.391 881.005 287.766 22.878 2828.942 645.423 2.000
2999.820 884.759 283.862 22.883 2336.249 714.229 2.000
3006.916 888.525 280.915 22.888 1890.610 893.767 2.000
3016.817 894.803 277.489 22.893 936.702 915.689 2.000
3022.852 898.203 274.533 22.898 503.959 1003.753 2.000
3022.687 903.269 272.325 22.903 -278.148 1193.470 2.000
3017.571 909.800 271.014 22.908 -640.707 1239.707 2.000
3015.717 916.036 268.555 22.913 -1316.773 1334.892 2.000
3010.673 922.218 266.959 22.918 -1749.571 1424.558 2.000
3001.624 929.687 265.742 22.923 -2020.598 1424.845 2.000
2991.789 936.770 264.837 22.928 -2072.981 1433.805 2.000
2980.901 944.006 263.928 22.933 -2104.138 1389.582 2.000
2969.967 950.853 263.206 22.938 -2147.330 1383.268 2.000
2958.885 957.705 261.899 22.943 -2189.421 1378.907 2.000
2948.094 964.848 260.362 22.948 -2192.308 1388.309 2.000
2937.330 971.915 258.733 22.953 -2241.461 1389.809 2.000
2926.220 979.006 257.148 22.958 -2348.702 1396.168 2.000
2914.614 986.047 255.187 22.963 -2231.958 1398.011 2.000
2902.806 993.121 253.038 22.969 -2134.549 1385.745 2.000
2892.358 999.926 250.540 22.974 -2154.210 1420.021 2.000
2881.268 1006.945 247.903 22.979 -2159.605 1399.966 2.000
2871.213 1013.837 244.715 22.984 -2079.035 1391.673 2.000
2859.829 1021.090 241.832 22.989 -2135.766 1396.318 2.000
2849.001 1028.107 238.825 22.994 -2155.107 1365.850 2.000
2838.458 1034.903 235.322 22.999 -2071.618 1358.447 2.000
2827.852 1041.765 231.414 23.004 -2055.615 1348.987 2.000
2817.854 1048.566 227.465 23.009 -2113.893 1345.492 2.000
2807.330 1055.586 223.420 23.014 -2076.557 1353.735 2.000
2796.200 1062.414 218.654 23.019 -2117.804 1365.022 2.000
2785.766 1069.354 214.252 23.024 -2081.624 1375.565 2.000
2775.594 1076.100 209.123 23.029 -2091.112 1350.065 2.000
2765.265 1082.866 204.113 23.034 -1926.340 1327.767 2.000
2756.231 1089.306 198.156 23.039 -1893.875 1323.470 2.000
2746.692 1096.009 192.183 23.044 -1897.028 1304.279 2.000
2735.279 1103.116 186.435 23.049 -1972.289 1330.146 2.000
2638.548 1165.445 128.313 23.095 -1501.213 1396.740 2.000
2630.751 1172.467 119.128 23.100 -1559.931 1391.673 2.000
2622.486 1179.332 109.786 23.105 -1625.161 1347.672 2.000
2613.017 1186.372 100.991 23.110 -1657.147 1322.118 2.000
2602.382 1193.288 92.143 23.115 -1817.467 1320.562 2.000
2592.477 1200.110 82.541 23.120 -1973.262 1324.246 2.000
2583.541 1206.427 73.498 23.125 -2119.449 1312.840 2.000
2574.092 1212.587 66.512 23.130 -2304.840 1293.772 2.000
2561.112 1219.935 60.797 23.135 -2488.097 1321.577 2.000
2552.444 1225.454 56.684 23.140 -2488.492 1286.875 2.000
2540.862 1231.663 54.493 23.145 -1997.321 1162.513 2.000
2530.711 1237.503 54.073 23.150 -1966.905 1161.524 2.000
2522.492 1242.847 53.990 23.156 -1586.558 1028.568 2.000
2514.055 1248.046 56.318 23.161 -1307.448 946.966 2.000
