1515.469 607.456 271.237 6.572 3.000 -706.886 1832.017
1502.089 604.354 279.259 6.577 3.000 -585.564 1634.819
1487.279 600.986 287.859 6.582 3.000 -556.734 1530.427
1472.272 597.130 296.274 6.587 3.000 -433.385 1506.098
1458.145 594.340 303.743 6.592 3.000 -570.775 1478.235
1443.459 590.928 311.428 6.597 3.000 -604.231 1498.045
1429.038 588.019 318.991 6.602 3.000 -658.779 1502.399
1414.975 584.816 326.208 6.607 3.000 -681.358 1450.387
1400.710 581.470 333.016 6.612 3.000 -676.640 1409.743
1385.213 577.870 340.110 6.617 3.000 -705.136 1334.207
1369.752 573.886 347.044 6.622 3.000 -659.235 1234.397
1355.374 570.562 353.268 6.627 3.000 -659.235 1234.397
1340.793 567.165 359.550 6.632 3.000 -561.553 1110.305
1376.800 597.072 365.819 6.637 1.000 113.542 1168.326
1369.591 598.358 371.109 6.642 1.000 -152.301 1099.148
1360.591 598.577 376.448 6.647 1.000 -387.455 1036.092
1347.254 595.690 381.302 6.652 1.000 -366.263 949.959
1335.392 593.833 386.144 6.658 1.000 -731.997 788.005
1323.466 591.575 390.026 6.663 1.000 -345.955 894.484
1311.229 589.356 393.541 6.668 1.000 -363.205 860.054
1298.949 587.164 397.148 6.673 1.000 -389.730 800.021
1286.734 584.777 400.805 6.678 1.000 -375.801 724.086
1273.951 582.421 403.945 6.683 1.000 -367.619 626.583
1261.433 579.938 406.847 6.688 1.000 -353.239 583.489
1251.794 579.525 409.620 6.693 1.000 -527.063 485.559
1238.219 575.940 411.136 6.698 1.000 -454.923 836.578
1225.289 573.615 413.783 6.703 1.000 -359.038 511.411
1213.018 571.198 415.715 6.708 1.000 -340.607 480.066
1201.034 568.951 417.427 6.713 1.000 -339.306 415.303
1188.735 566.583 419.016 6.718 1.000 -382.752 374.798
1176.672 564.240 420.050 6.723 1.000 -389.067 331.305
1164.487 561.821 421.227 6.728 1.000 -356.142 265.175
1153.216 560.285 422.161 6.733 1.000 -764.036 142.922
1140.924 557.761 423.008 6.738 1.000 -329.392 241.295
1128.882 555.440 423.472 6.743 1.000 -342.768 166.009
1116.728 552.989 423.771 6.748 1.000 -355.703 120.212
1104.876 550.617 423.619 6.753 1.000 -362.755 60.143
1092.709 548.096 423.356 6.758 1.000 -379.551 -7.090
1080.967 545.934 422.568 6.763 1.000 -405.192 -38.015
1069.591 544.150 422.127 6.768 1.000 -820.452 -179.134
1057.883 541.336 421.302 6.773 1.000 -419.632 -100.560
1046.463 538.910 419.984 6.778 1.000 -396.378 -176.913
1034.741 536.395 418.404 6.784 1.000 -376.132 -251.001
1023.539 534.118 416.469 6.789 1.000 -357.914 -346.464
1012.508 531.793 414.252 6.794 1.000 -354.361 -377.208
1001.158 529.389 411.889 6.799 1.000 -329.144 -426.268
990.063 527.278 409.179 6.804 1.000 -298.922 -489.931
980.447 526.079 406.006 6.809 1.000 -370.722 -234.255
969.139 523.797 403.543 6.814 1.000 -278.108 -545.644
958.704 521.887 399.989 6.819 1.000 -297.463 -624.452
947.897 519.812 396.516 6.824 1.000 -307.232 -654.573
937.545 517.775 392.553 6.829 1.000 -317.735 -716.944
926.960 515.637 388.623 6.834 1.000 -306.443 -789.224
916.183 513.679 384.058 6.839 1.000 -328.934 -832.465
904.971 511.101 378.032 6.844 1.000 -553.947 -723.508
895.146 510.012 374.888 6.849 1.000 -349.979 -890.563
884.394 507.720 370.231 6.854 1.000 -364.956 -917.728
873.911 505.258 365.153 6.859 1.000 -388.856 -949.809
863.062 503.018 359.957 6.864 1.000 -376.388 -1020.542
852.808 500.795 354.110 6.869 1.000 -369.273 -1029.650
842.323 498.598 348.442 6.874 1.000 -340.289 -1080.150
832.379 497.210 342.535 6.879 1.000 -634.907 -1167.715
821.787 494.864 336.436 6.884 1.000 -299.532 -1180.816
811.894 492.702 330.318 6.889 1.000 -312.672 -1243.399
802.187 490.605 323.868 6.894 1.000 -297.464 -1334.355
791.798 488.632 316.540 6.899 1.000 -294.327 -1389.889
781.725 486.831 309.298 6.904 1.000 -320.244 -1412.220
771.567 484.756 301.942 6.909 1.000 -323.245 -1462.030
762.440 483.551 294.311 6.914 1.000 -570.452 -1472.097
752.608 481.631 285.900 6.919 1.000 -323.165 -1320.233
742.318 479.401 278.707 6.924 1.000 -309.377 -1543.488
733.061 477.346 270.918 6.929 1.000 -289.154 -1612.416
723.971 475.526 262.327 6.934 1.000 -305.423 -1657.965
714.228 473.479 253.594 6.939 1.000 -303.436 -1708.228
705.812 471.572 244.918 6.944 1.000 -290.093 -1782.179
696.577 469.745 235.746 6.949 1.000 -316.832 -1832.421
688.050 468.447 225.666 6.955 1.000 -259.884 -1694.974
677.955 466.591 216.197 6.960 1.000 -311.614 -1984.439
669.455 464.812 206.181 6.965 1.000 -299.601 -2043.246
660.750 462.791 195.880 6.970 1.000 -296.521 -2109.105
651.350 460.747 184.997 6.975 1.000 -109.400 -1981.143
641.703 459.858 174.883 6.980 1.000 -7.814 -1987.318
631.948 458.854 163.953 6.985 1.000 16.467 -2034.070
622.287 465.125 156.280 6.990 2.000 -385.776 -2188.607
612.195 463.231 144.573 6.995 2.000 -389.619 -2381.202
602.773 461.328 132.695 7.000 2.000 -425.491 -2368.887
592.728 459.128 120.530 7.005 2.000 -394.597 -2460.918
583.322 456.895 108.711 7.010 2.000 -390.421 -2481.555
572.679 455.257 96.476 7.015 2.000 -415.181 -2531.509
562.710 453.338 84.566 7.020 2.000 -439.421 -2253.927
554.058 450.717 74.546 7.025 2.000 -409.488 -1662.921
544.656 448.630 66.740 7.030 2.000 -462.812 -1073.111
535.585 446.759 62.186 7.035 2.000 -407.315 -859.080
525.733 444.694 60.048 7.040 2.000 -399.868 61.094
516.107 442.881 59.623 7.045 2.000 -386.616 1020.320
506.844 440.828 62.176 7.050 2.000 -367.475 1723.386
496.211 438.936 67.481 7.055 2.000 -383.109 2214.165
486.300 436.904 77.963 7.060 2.000 -361.946 2310.615
476.599 435.057 89.217 7.065 2.000 -356.302 2445.091
466.407 433.178 101.149 7.070 2.000 -368.745 2287.685
456.546 431.309 112.525 7.075 2.000 -395.916 2233.997
446.425 429.248 123.378 7.080 2.000 -411.694 2159.831
436.469 427.236 134.164 7.085 2.000 -439.403 2073.972
426.195 425.068 144.736 7.090 2.000 -429.240 2056.797
415.777 422.891 155.515 7.095 2.000 -430.576 1996.177
405.954 420.702 165.060 7.100 2.000 -425.606 2102.308
396.463 418.810 175.330 7.106 2.000 -427.312 1902.673
386.542 416.871 183.895 7.111 2.000 -381.693 1756.771
376.477 414.861 192.733 7.116 2.000 -355.584 1667.698
366.675 412.855 201.083 7.121 2.000 -351.032 1553.076
356.821 410.889 209.654 7.126 2.000 -371.659 1502.883
347.334 409.076 218.047 7.131 2.000 -385.941 1459.338
337.602 406.862 224.250 7.136 2.000 -413.841 1534.781
327.526 404.917 231.871 7.141 2.000 -441.425 1669.157
317.982 402.894 239.965 7.146 2.000 -457.348 1498.406
308.022 400.739 246.886 7.151 2.000 -477.531 1504.732
298.315 398.297 254.562 7.156 2.000 -474.747 1426.626
288.402 395.953 261.328 7.161 2.000 -454.474 1327.260
278.171 393.781 268.292 7.166 2.000 -414.953 1182.627
268.910 391.799 274.354 7.171 2.000 -378.956 1087.481
259.206 389.604 279.708 7.176 2.000 -355.403 1217.593
248.992 387.976 285.715 7.181 2.000 -315.096 1052.146
240.082 386.252 291.187 7.186 2.000 -317.184 937.343
230.479 384.259 296.164 7.191 2.000 -324.217 954.173
220.537 382.538 300.694 7.196 2.000 -332.864 895.553
210.612 380.893 304.756 7.201 2.000 -376.052 870.862
201.491 379.137 309.225 7.206 2.000 -427.381 796.201
192.842 376.700 312.341 7.211 2.000 -431.835 832.543
183.929 374.705 317.665 7.217 2.000 -474.559 788.561
175.007 372.363 321.011 7.222 2.000 -497.162 640.126
165.493 370.099 324.111 7.227 2.000 -458.797 612.003
155.471 368.052 327.202 7.232 2.000 -411.944 526.073
145.825 366.065 329.690 7.237 2.000 -399.121 530.643
136.803 363.760 332.413 7.242 2.000 -381.592 465.823
127.735 361.761 335.065 7.247 2.000 -329.313 438.352
118.641 359.999 336.944 7.252 2.000 -290.560 526.410
108.961 358.511 338.857 7.257 2.000 -289.277 332.341
99.503 356.860 340.200 7.262 2.000 -301.587 257.898
90.004 355.275 341.259 7.267 2.000 -361.561 165.783
80.356 353.445 341.789 7.272 2.000 -375.408 23.924
71.324 351.642 342.422 7.277 2.000 -331.207 -97.595
62.431 349.931 342.158 7.282 2.000 -335.268 -209.443
53.017 348.419 340.706 7.287 2.000 -332.177 -77.391
28.685 339.906 335.381 7.292 2.000 -1160.444 -854.597
20.405 338.733 334.051 7.297 2.000 -893.804 -709.933
11.817 336.890 332.527 7.302 2.000 -636.886 -630.544
-8.149 330.443 326.742 7.307 2.000 -1124.484 -1084.095
-18.230 328.374 324.286 7.312 2.000 -736.664 -775.078
-31.795 324.665 320.383 7.317 2.000 -736.664 -775.078
-45.817 320.787 316.431 7.322 2.000 -651.285 -752.458
-57.206 317.954 312.958 7.327 2.000 -293.881 -510.839
-218.242 301.325 225.832 7.454 2.000 -847.838 -2295.726
-231.032 297.251 215.198 7.459 2.000 -606.554 -2097.328
-241.496 294.537 204.669 7.464 2.000 -515.457 -2037.877
-251.907 291.863 195.125 7.469 2.000 -476.522 -1900.553
-265.426 288.350 182.675 7.474 2.000 -315.225 -1649.874
-274.250 286.703 173.642 7.479 2.000 -310.145 -1640.972
-282.418 285.474 165.766 7.484 2.000 -324.803 -1839.745
-292.257 283.263 156.128 7.489 2.000 -343.411 -1991.135
-301.361 281.251 146.142 7.494 2.000 -323.470 -2120.902
-307.590 280.499 136.782 7.499 2.000 -466.974 -2206.245
-317.851 278.406 125.452 7.504 2.000 -437.185 -1973.644
-328.523 275.778 114.382 7.509 2.000 -436.330 -2209.867
-337.870 273.507 102.329 7.514 2.000 -425.792 -2429.041
-345.713 271.684 89.913 7.519 2.000 -477.984 -2654.563
