1030.000 2340.000 3.000 14.128 3.000 1.000 1.000
1080.000 2280.000 3.000 14.134 3.000 1.000 1.000
1120.000 2250.000 3.000 14.140 3.000 1.000 1.000
1170.000 2200.000 3.000 14.146 3.000 1.000 1.000
1220.000 2170.000 3.000 14.151 3.000 1.000 1.000
1270.000 2140.000 3.000 14.157 3.000 1.000 1.000
1320.000 2100.000 3.000 14.163 3.000 1.000 1.000
790.000 2830.000 3.000 14.181 3.000 1.000 1.000
1540.000 1970.000 3.000 14.199 3.000 1.000 1.000
1630.000 1930.000 3.000 14.205 3.000 1.000 1.000
1670.000 1910.000 3.000 14.211 3.000 1.000 1.000
1720.000 1900.000 3.000 14.217 3.000 1.000 1.000
1760.000 1880.000 3.000 14.222 3.000 1.000 1.000
1800.000 1870.000 3.000 14.228 3.000 1.000 1.000
1840.000 1850.000 3.000 14.234 3.000 1.000 1.000
1880.000 1840.000 3.000 14.240 3.000 1.000 1.000
1910.000 1830.000 3.000 14.246 3.000 1.000 1.000
2680.000 230.000 2.000 14.248 2.000 1.000 1.000
1950.000 1820.000 3.000 14.252 3.000 1.000 1.000
2730.000 310.000 2.000 14.254 2.000 1.000 1.000
1990.000 1810.000 3.000 14.257 3.000 1.000 1.000
2750.000 340.000 2.000 14.260 2.000 1.000 1.000
2030.000 1810.000 3.000 14.263 3.000 1.000 1.000
2780.000 420.000 2.000 14.266 2.000 1.000 1.000
1320.000 280.000 1.000 14.269 1.000 1.000 1.000
2070.000 1800.000 3.000 14.269 3.000 1.000 1.000
3670.000 1790.000 4.000 14.269 4.000 1.000 1.000
2810.000 490.000 2.000 14.272 2.000 1.000 1.000
1310.000 370.000 1.000 14.275 1.000 1.000 1.000
2110.000 1800.000 3.000 14.275 3.000 1.000 1.000
3570.000 1790.000 4.000 14.275 4.000 1.000 1.000
2850.000 540.000 2.000 14.278 2.000 1.000 1.000
1300.000 410.000 1.000 14.281 1.000 1.000 1.000
2150.000 1800.000 3.000 14.281 3.000 1.000 1.000
3510.000 1780.000 4.000 14.281 4.000 1.000 1.000
1290.000 490.000 1.000 14.286 1.000 1.000 1.000
2880.000 600.000 2.000 14.283 2.000 1.000 1.000
2190.000 1800.000 3.000 14.287 3.000 1.000 1.000
3440.000 1780.000 4.000 14.287 4.000 1.000 1.000
1290.000 560.000 1.000 14.292 1.000 1.000 1.000
2910.000 670.000 2.000 14.289 2.000 1.000 1.000
2220.000 1800.000 3.000 14.292 3.000 1.000 1.000
3380.000 1780.000 4.000 14.293 4.000 1.000 1.000
1280.000 620.000 1.000 14.298 1.000 1.000 1.000
2920.000 720.000 2.000 14.295 2.000 1.000 1.000
2990.000 800.000 2.000 14.301 2.000 1.000 1.000
2260.000 1810.000 3.000 14.298 3.000 1.000 1.000
3320.000 1780.000 4.000 14.299 4.000 1.000 1.000
1270.000 690.000 1.000 14.304 1.000 1.000 1.000
3010.000 880.000 2.000 14.307 2.000 1.000 1.000
2290.000 1810.000 3.000 14.304 3.000 1.000 1.000
3260.000 1780.000 4.000 14.304 4.000 1.000 1.000
1270.000 760.000 1.000 14.310 1.000 1.000 1.000
3030.000 960.000 2.000 14.312 2.000 1.000 1.000
2330.000 1810.000 3.000 14.310 3.000 1.000 1.000
3240.000 1780.000 4.000 14.310 4.000 1.000 1.000
1260.000 820.000 1.000 14.316 1.000 1.000 1.000
2360.000 1810.000 3.000 14.316 3.000 1.000 1.000
3140.000 1790.000 4.000 14.316 4.000 1.000 1.000
1260.000 890.000 1.000 14.321 1.000 1.000 1.000
3070.000 1030.000 2.000 14.318 2.000 1.000 1.000
2390.000 1820.000 3.000 14.322 3.000 1.000 1.000
3110.000 1790.000 4.000 14.322 4.000 1.000 1.000
1250.000 970.000 1.000 14.327 1.000 1.000 1.000
3100.000 1100.000 2.000 14.324 2.000 1.000 1.000
2430.000 1830.000 3.000 14.327 3.000 1.000 1.000
3060.000 1790.000 4.000 14.328 4.000 1.000 1.000
1250.000 1040.000 1.000 14.333 1.000 1.000 1.000
3130.000 1160.000 2.000 14.330 2.000 1.000 1.000
2460.000 1830.000 3.000 14.333 3.000 1.000 1.000
1240.000 1120.000 1.000 14.339 1.000 1.000 1.000
3160.000 1230.000 2.000 14.336 2.000 1.000 1.000
3000.000 1800.000 4.000 14.334 4.000 1.000 1.000
3190.000 1300.000 2.000 14.342 2.000 1.000 1.000
2500.000 1840.000 3.000 14.339 3.000 1.000 1.000
2940.000 1810.000 4.000 14.339 4.000 1.000 1.000
1240.000 1190.000 1.000 14.345 1.000 1.000 1.000
3220.000 1380.000 2.000 14.347 2.000 1.000 1.000
2530.000 1850.000 3.000 14.345 3.000 1.000 1.000
2880.000 1820.000 4.000 14.345 4.000 1.000 1.000
1240.000 1280.000 1.000 14.351 1.000 1.000 1.000
3250.000 1460.000 2.000 14.353 2.000 1.000 1.000
2560.000 1860.000 3.000 14.351 3.000 1.000 1.000
2840.000 1830.000 4.000 14.351 4.000 1.000 1.000
1240.000 1350.000 1.000 14.356 1.000 1.000 1.000
2590.000 1870.000 3.000 14.356 3.000 1.000 1.000
2780.000 1840.000 4.000 14.357 4.000 1.000 1.000
1230.000 1420.000 1.000 14.362 1.000 1.000 1.000
3280.000 1560.000 2.000 14.359 2.000 1.000 1.000
2630.000 1880.000 3.000 14.362 3.000 1.000 1.000
2720.000 1850.000 4.000 14.363 4.000 1.000 1.000
1230.000 1510.000 1.000 14.368 1.000 1.000 1.000
3300.000 1620.000 2.000 14.365 2.000 1.000 1.000
2660.000 1890.000 3.000 14.368 3.000 1.000 1.000
2670.000 1860.000 4.000 14.369 4.000 1.000 1.000
1230.000 1590.000 1.000 14.374 1.000 1.000 1.000
3330.000 1690.000 2.000 14.371 2.000 1.000 1.000
2690.000 1910.000 3.000 14.374 3.000 1.000 1.000
2620.000 1870.000 4.000 14.374 4.000 1.000 1.000
1230.000 1670.000 1.000 14.380 1.000 1.000 1.000
3360.000 1780.000 2.000 14.377 2.000 1.000 1.000
3390.000 1860.000 2.000 14.382 2.000 1.000 1.000
2720.000 1920.000 3.000 14.380 3.000 1.000 1.000
2570.000 1890.000 4.000 14.380 4.000 1.000 1.000
1220.000 1750.000 1.000 14.386 1.000 1.000 1.000
3410.000 1940.000 2.000 14.388 2.000 1.000 1.000
2750.000 1930.000 3.000 14.386 3.000 1.000 1.000
2510.000 1900.000 4.000 14.386 4.000 1.000 1.000
1220.000 1840.000 1.000 14.391 1.000 1.000 1.000
3440.000 2020.000 2.000 14.394 2.000 1.000 1.000
2780.000 1950.000 3.000 14.391 3.000 1.000 1.000
2460.000 1910.000 4.000 14.392 4.000 1.000 1.000
1220.000 1930.000 1.000 14.397 1.000 1.000 1.000
2810.000 1960.000 3.000 14.397 3.000 1.000 1.000
2400.000 1930.000 4.000 14.398 4.000 1.000 1.000
1220.000 2010.000 1.000 14.403 1.000 1.000 1.000
3470.000 2100.000 2.000 14.400 2.000 1.000 1.000
2840.000 1980.000 3.000 14.403 3.000 1.000 1.000
2350.000 1940.000 4.000 14.404 4.000 1.000 1.000
1220.000 2100.000 1.000 14.409 1.000 1.000 1.000
3500.000 2190.000 2.000 14.406 2.000 1.000 1.000
2870.000 2000.000 3.000 14.409 3.000 1.000 1.000
2310.000 1960.000 4.000 14.409 4.000 1.000 1.000
1220.000 2190.000 1.000 14.415 1.000 1.000 1.000
3520.000 2310.000 2.000 14.412 2.000 1.000 1.000
2900.000 2010.000 3.000 14.415 3.000 1.000 1.000
1220.000 2280.000 1.000 14.421 1.000 1.000 1.000
3550.000 2360.000 2.000 14.417 2.000 1.000 1.000
2260.000 1980.000 4.000 14.415 4.000 1.000 1.000
3570.000 2450.000 2.000 14.423 2.000 1.000 1.000
2930.000 2030.000 3.000 14.421 3.000 1.000 1.000
2210.000 1990.000 4.000 14.421 4.000 1.000 1.000
1220.000 2380.000 1.000 14.426 1.000 1.000 1.000
3600.000 2540.000 2.000 14.429 2.000 1.000 1.000
2960.000 2050.000 3.000 14.426 3.000 1.000 1.000
2160.000 2010.000 4.000 14.427 4.000 1.000 1.000
1220.000 2470.000 1.000 14.432 1.000 1.000 1.000
3630.000 2630.000 2.000 14.435 2.000 1.000 1.000
2980.000 2070.000 3.000 14.432 3.000 1.000 1.000
2110.000 2030.000 4.000 14.433 4.000 1.000 1.000
1220.000 2560.000 1.000 14.438 1.000 1.000 1.000
3010.000 2090.000 3.000 14.438 3.000 1.000 1.000
2070.000 2050.000 4.000 14.439 4.000 1.000 1.000
1220.000 2650.000 1.000 14.444 1.000 1.000 1.000
3650.000 2720.000 2.000 14.441 2.000 1.000 1.000
3040.000 2110.000 3.000 14.444 3.000 1.000 1.000
2010.000 2070.000 4.000 14.444 4.000 1.000 1.000
1220.000 2750.000 1.000 14.450 1.000 1.000 1.000
3670.000 2810.000 2.000 14.447 2.000 1.000 1.000
3070.000 2130.000 3.000 14.450 3.000 1.000 1.000
1970.000 2090.000 4.000 14.450 4.000 1.000 1.000
1230.000 2850.000 1.000 14.456 1.000 1.000 1.000
3700.000 2900.000 2.000 14.452 2.000 1.000 1.000
3090.000 2150.000 3.000 14.456 3.000 1.000 1.000
1230.000 2940.000 1.000 14.461 1.000 1.000 1.000
3680.000 2840.000 2.000 14.458 2.000 1.000 1.000
1920.000 2120.000 4.000 14.456 4.000 1.000 1.000
3110.000 2150.000 3.000 14.461 3.000 1.000 1.000
1880.000 2110.000 4.000 14.462 4.000 1.000 1.000
1200.000 2950.000 1.000 14.467 1.000 1.000 1.000
3710.000 2930.000 2.000 14.464 2.000 1.000 1.000
3110.000 2080.000 3.000 14.467 3.000 1.000 1.000
1860.000 2040.000 4.000 14.468 4.000 1.000 1.000
1170.000 2940.000 1.000 14.473 1.000 1.000 1.000
3110.000 2020.000 3.000 14.473 3.000 1.000 1.000
1850.000 1980.000 4.000 14.474 4.000 1.000 1.000
1150.000 2910.000 1.000 14.479 1.000 1.000 1.000
3110.000 1960.000 3.000 14.479 3.000 1.000 1.000
1840.000 1910.000 4.000 14.479 4.000 1.000 1.000
1100.000 2880.000 1.000 14.485 1.000 1.000 1.000
3110.000 1890.000 3.000 14.485 3.000 1.000 1.000
1830.000 1840.000 4.000 14.485 4.000 1.000 1.000
3110.000 1830.000 3.000 14.491 3.000 1.000 1.000
1820.000 1780.000 4.000 14.491 4.000 1.000 1.000
1090.000 2870.000 1.000 14.491 1.000 1.000 1.000
1080.000 2890.000 1.000 14.496 1.000 1.000 1.000
3110.000 1770.000 3.000 14.496 3.000 1.000 1.000
1810.000 1720.000 4.000 14.497 4.000 1.000 1.000
1050.000 2840.000 1.000 14.502 1.000 1.000 1.000
3990.000 2910.000 2.000 14.499 2.000 1.000 1.000
3110.000 1710.000 3.000 14.502 3.000 1.000 1.000
1800.000 1650.000 4.000 14.503 4.000 1.000 1.000
1020.000 2820.000 1.000 14.508 1.000 1.000 1.000
3860.000 2970.000 2.000 14.504 2.000 1.000 1.000
3100.000 1660.000 3.000 14.508 3.000 1.000 1.000
1790.000 1590.000 4.000 14.509 4.000 1.000 1.000
1000.000 2800.000 1.000 14.514 1.000 1.000 1.000
3970.000 2910.000 2.000 14.510 2.000 1.000 1.000
3110.000 1600.000 3.000 14.514 3.000 1.000 1.000
1780.000 1530.000 4.000 14.514 4.000 1.000 1.000
970.000 2780.000 1.000 14.520 1.000 1.000 1.000
3110.000 1540.000 3.000 14.520 3.000 1.000 1.000
1760.000 1480.000 4.000 14.520 4.000 1.000 1.000
950.000 2760.000 1.000 14.526 1.000 1.000 1.000
3110.000 1480.000 3.000 14.526 3.000 1.000 1.000
1750.000 1420.000 4.000 14.526 4.000 1.000 1.000
920.000 2750.000 1.000 14.531 1.000 1.000 1.000
3110.000 1430.000 3.000 14.531 3.000 1.000 1.000
1740.000 1360.000 4.000 14.532 4.000 1.000 1.000
890.000 2740.000 1.000 14.537 1.000 1.000 1.000
3110.000 1380.000 3.000 14.537 3.000 1.000 1.000
1730.000 1310.000 4.000 14.538 4.000 1.000 1.000
870.000 2720.000 1.000 14.543 1.000 1.000 1.000
3110.000 1330.000 3.000 14.543 3.000 1.000 1.000
1720.000 1250.000 4.000 14.543 4.000 1.000 1.000
850.000 2710.000 1.000 14.549 1.000 1.000 1.000
3110.000 1280.000 3.000 14.549 3.000 1.000 1.000
1710.000 1200.000 4.000 14.549 4.000 1.000 1.000
820.000 2690.000 1.000 14.555 1.000 1.000 1.000
3110.000 1230.000 3.000 14.555 3.000 1.000 1.000
1690.000 1150.000 4.000 14.555 4.000 1.000 1.000
790.000 2690.000 1.000 14.560 1.000 1.000 1.000
3120.000 1180.000 3.000 14.561 3.000 1.000 1.000
1680.000 1100.000 4.000 14.561 4.000 1.000 1.000
760.000 2680.000 1.000 14.566 1.000 1.000 1.000
3120.000 1140.000 3.000 14.566 3.000 1.000 1.000
1670.000 1050.000 4.000 14.567 4.000 1.000 1.000
750.000 2670.000 1.000 14.572 1.000 1.000 1.000
3120.000 1090.000 3.000 14.572 3.000 1.000 1.000
720.000 2660.000 1.000 14.578 1.000 1.000 1.000
1660.000 1000.000 4.000 14.573 4.000 1.000 1.000
3120.000 1040.000 3.000 14.578 3.000 1.000 1.000
1640.000 950.000 4.000 14.578 4.000 1.000 1.000
700.000 2650.000 1.000 14.584 1.000 1.000 1.000
3130.000 1000.000 3.000 14.584 3.000 1.000 1.000
1630.000 900.000 4.000 14.584 4.000 1.000 1.000
670.000 2650.000 1.000 14.590 1.000 1.000 1.000
3130.000 960.000 3.000 14.590 3.000 1.000 1.000
1620.000 860.000 4.000 14.590 4.000 1.000 1.000
640.000 2640.000 1.000 14.595 1.000 1.000 1.000
3130.000 910.000 3.000 14.596 3.000 1.000 1.000
1600.000 820.000 4.000 14.596 4.000 1.000 1.000
620.000 2640.000 1.000 14.601 1.000 1.000 1.000
3130.000 870.000 3.000 14.601 3.000 1.000 1.000
1590.000 770.000 4.000 14.602 4.000 1.000 1.000
600.000 2630.000 1.000 14.607 1.000 1.000 1.000
3140.000 840.000 3.000 14.607 3.000 1.000 1.000
1580.000 730.000 4.000 14.608 4.000 1.000 1.000
580.000 2640.000 1.000 14.613 1.000 1.000 1.000
550.000 2640.000 1.000 14.619 1.000 1.000 1.000
3140.000 800.000 3.000 14.613 3.000 1.000 1.000
1560.000 690.000 4.000 14.613 4.000 1.000 1.000
3150.000 760.000 3.000 14.619 3.000 1.000 1.000
1550.000 650.000 4.000 14.619 4.000 1.000 1.000
540.000 2630.000 1.000 14.625 1.000 1.000 1.000
3150.000 720.000 3.000 14.625 3.000 1.000 1.000
1530.000 610.000 4.000 14.625 4.000 1.000 1.000
520.000 2640.000 1.000 14.630 1.000 1.000 1.000
3150.000 690.000 3.000 14.631 3.000 1.000 1.000
1520.000 580.000 4.000 14.631 4.000 1.000 1.000
490.000 2640.000 1.000 14.636 1.000 1.000 1.000
3160.000 660.000 3.000 14.636 3.000 1.000 1.000
1500.000 540.000 4.000 14.637 4.000 1.000 1.000
470.000 2650.000 1.000 14.642 1.000 1.000 1.000
3160.000 630.000 3.000 14.642 3.000 1.000 1.000
1490.000 500.000 4.000 14.643 4.000 1.000 1.000
450.000 2650.000 1.000 14.648 1.000 1.000 1.000
3170.000 590.000 3.000 14.648 3.000 1.000 1.000
1470.000 470.000 4.000 14.648 4.000 1.000 1.000
420.000 2650.000 1.000 14.654 1.000 1.000 1.000
3170.000 560.000 3.000 14.654 3.000 1.000 1.000
1460.000 440.000 4.000 14.654 4.000 1.000 1.000
410.000 2670.000 1.000 14.660 1.000 1.000 1.000
3180.000 540.000 3.000 14.660 3.000 1.000 1.000
1440.000 410.000 4.000 14.660 4.000 1.000 1.000
370.000 2670.000 1.000 14.665 1.000 1.000 1.000
3180.000 510.000 3.000 14.666 3.000 1.000 1.000
1430.000 370.000 4.000 14.666 4.000 1.000 1.000
350.000 2690.000 1.000 14.671 1.000 1.000 1.000
3190.000 480.000 3.000 14.671 3.000 1.000 1.000
1410.000 350.000 4.000 14.672 4.000 1.000 1.000
330.000 2700.000 1.000 14.677 1.000 1.000 1.000
3190.000 450.000 3.000 14.677 3.000 1.000 1.000
1400.000 320.000 4.000 14.678 4.000 1.000 1.000
310.000 2720.000 1.000 14.683 1.000 1.000 1.000
3200.000 430.000 3.000 14.683 3.000 1.000 1.000
1380.000 290.000 4.000 14.683 4.000 1.000 1.000
290.000 2730.000 1.000 14.689 1.000 1.000 1.000
3200.000 400.000 3.000 14.689 3.000 1.000 1.000
270.000 2740.000 1.000 14.695 1.000 1.000 1.000
1370.000 260.000 4.000 14.689 4.000 1.000 1.000
3210.000 380.000 3.000 14.695 3.000 1.000 1.000
1350.000 240.000 4.000 14.695 4.000 1.000 1.000
250.000 2770.000 1.000 14.700 1.000 1.000 1.000
3220.000 360.000 3.000 14.701 3.000 1.000 1.000
1330.000 210.000 4.000 14.701 4.000 1.000 1.000
230.000 2780.000 1.000 14.706 1.000 1.000 1.000
3220.000 340.000 3.000 14.706 3.000 1.000 1.000
1320.000 190.000 4.000 14.707 4.000 1.000 1.000
210.000 2810.000 1.000 14.712 1.000 1.000 1.000
3230.000 320.000 3.000 14.712 3.000 1.000 1.000
1310.000 170.000 4.000 14.713 4.000 1.000 1.000
190.000 2830.000 1.000 14.718 1.000 1.000 1.000
3240.000 300.000 3.000 14.718 3.000 1.000 1.000
1290.000 150.000 4.000 14.718 4.000 1.000 1.000
160.000 2860.000 1.000 14.724 1.000 1.000 1.000
3240.000 280.000 3.000 14.724 3.000 1.000 1.000
1270.000 120.000 4.000 14.724 4.000 1.000 1.000
150.000 2860.000 1.000 14.730 1.000 1.000 1.000
130.000 2890.000 1.000 14.735 1.000 1.000 1.000
3250.000 260.000 3.000 14.730 3.000 1.000 1.000
1260.000 100.000 4.000 14.730 4.000 1.000 1.000
3260.000 240.000 3.000 14.736 3.000 1.000 1.000
1240.000 90.000 4.000 14.736 4.000 1.000 1.000
120.000 2920.000 1.000 14.741 1.000 1.000 1.000
3270.000 230.000 3.000 14.741 3.000 1.000 1.000
1230.000 70.000 4.000 14.742 4.000 1.000 1.000
90.000 2930.000 1.000 14.747 1.000 1.000 1.000
3270.000 210.000 3.000 14.747 3.000 1.000 1.000
1210.000 50.000 4.000 14.748 4.000 1.000 1.000
100.000 2950.000 1.000 14.753 1.000 1.000 1.000
3280.000 200.000 3.000 14.753 3.000 1.000 1.000
1190.000 40.000 4.000 14.753 4.000 1.000 1.000
3290.000 190.000 3.000 14.759 3.000 1.000 1.000
1180.000 30.000 4.000 14.759 4.000 1.000 1.000
60.000 3000.000 1.000 14.759 1.000 1.000 1.000
3290.000 180.000 3.000 14.765 3.000 1.000 1.000
1160.000 20.000 4.000 14.765 4.000 1.000 1.000
80.000 2950.000 1.000 14.765 1.000 1.000 1.000
70.000 2970.000 1.000 14.770 1.000 1.000 1.000
3310.000 160.000 3.000 14.770 3.000 1.000 1.000
1150.000 20.000 4.000 14.771 4.000 1.000 1.000
3320.000 160.000 3.000 14.776 3.000 1.000 1.000
1130.000 10.000 4.000 14.777 4.000 1.000 1.000
3320.000 150.000 3.000 14.782 3.000 1.000 1.000
1120.000 10.000 4.000 14.783 4.000 1.000 1.000
3330.000 140.000 3.000 14.788 3.000 1.000 1.000
1100.000 10.000 4.000 14.788 4.000 1.000 1.000
3340.000 140.000 3.000 14.794 3.000 1.000 1.000
1080.000 0.000 4.000 14.794 4.000 1.000 1.000
3350.000 130.000 3.000 14.800 3.000 1.000 1.000
1080.000 10.000 4.000 14.800 4.000 1.000 1.000
3350.000 120.000 3.000 14.805 3.000 1.000 1.000
3370.000 130.000 3.000 14.811 3.000 1.000 1.000
3370.000 120.000 3.000 14.817 3.000 1.000 1.000
3380.000 120.000 3.000 14.823 3.000 1.000 1.000
3390.000 110.000 3.000 14.829 3.000 1.000 1.000
3400.000 110.000 3.000 14.835 3.000 1.000 1.000
3410.000 110.000 3.000 14.840 3.000 1.000 1.000
3420.000 120.000 3.000 14.846 3.000 1.000 1.000
3430.000 120.000 3.000 14.852 3.000 1.000 1.000
3430.000 120.000 3.000 14.858 3.000 1.000 1.000
3440.000 120.000 3.000 14.864 3.000 1.000 1.000
3460.000 130.000 3.000 14.870 3.000 1.000 1.000
3460.000 130.000 3.000 14.875 3.000 1.000 1.000
3470.000 130.000 3.000 14.881 3.000 1.000 1.000
3480.000 140.000 3.000 14.887 3.000 1.000 1.000
3490.000 150.000 3.000 14.893 3.000 1.000 1.000
3510.000 160.000 3.000 14.899 3.000 1.000 1.000
3510.000 170.000 3.000 14.905 3.000 1.000 1.000
3520.000 180.000 3.000 14.910 3.000 1.000 1.000
3540.000 190.000 3.000 14.916 3.000 1.000 1.000
3550.000 200.000 3.000 14.922 3.000 1.000 1.000
3560.000 210.000 3.000 14.928 3.000 1.000 1.000
3570.000 220.000 3.000 14.934 3.000 1.000 1.000
700.000 30.000 4.000 14.928 4.000 1.000 1.000
680.000 40.000 4.000 14.934 4.000 1.000 1.000
660.000 50.000 4.000 14.940 4.000 1.000 1.000
3580.000 240.000 3.000 14.940 3.000 1.000 1.000
640.000 60.000 4.000 14.945 4.000 1.000 1.000
3590.000 240.000 3.000 14.945 3.000 1.000 1.000
630.000 80.000 4.000 14.951 4.000 1.000 1.000
3600.000 260.000 3.000 14.951 3.000 1.000 1.000
610.000 100.000 4.000 14.957 4.000 1.000 1.000
3610.000 280.000 3.000 14.957 3.000 1.000 1.000
3620.000 300.000 3.000 14.963 3.000 1.000 1.000
590.000 110.000 4.000 14.963 4.000 1.000 1.000
3630.000 320.000 3.000 14.969 3.000 1.000 1.000
580.000 130.000 4.000 14.969 4.000 1.000 1.000
3640.000 330.000 3.000 14.975 3.000 1.000 1.000
560.000 150.000 4.000 14.975 4.000 1.000 1.000
3650.000 350.000 3.000 14.980 3.000 1.000 1.000
540.000 170.000 4.000 14.980 4.000 1.000 1.000
3650.000 370.000 3.000 14.986 3.000 1.000 1.000
540.000 190.000 4.000 14.986 4.000 1.000 1.000
3650.000 390.000 3.000 14.992 3.000 1.000 1.000
540.000 220.000 4.000 14.992 4.000 1.000 1.000
3640.000 430.000 3.000 14.998 3.000 1.000 1.000
540.000 250.000 4.000 14.998 4.000 1.000 1.000
3630.000 450.000 3.000 15.004 3.000 1.000 1.000
540.000 270.000 4.000 15.004 4.000 1.000 1.000
3620.000 480.000 3.000 15.010 3.000 1.000 1.000
540.000 300.000 4.000 15.010 4.000 1.000 1.000
3620.000 510.000 3.000 15.015 3.000 1.000 1.000
540.000 330.000 4.000 15.015 4.000 1.000 1.000
3610.000 540.000 3.000 15.021 3.000 1.000 1.000
540.000 370.000 4.000 15.021 4.000 1.000 1.000
3600.000 570.000 3.000 15.027 3.000 1.000 1.000
540.000 400.000 4.000 15.027 4.000 1.000 1.000
3600.000 600.000 3.000 15.033 3.000 1.000 1.000
540.000 430.000 4.000 15.033 4.000 1.000 1.000
3590.000 630.000 3.000 15.039 3.000 1.000 1.000
540.000 470.000 4.000 15.039 4.000 1.000 1.000
3580.000 660.000 3.000 15.045 3.000 1.000 1.000
530.000 500.000 4.000 15.045 4.000 1.000 1.000
3580.000 690.000 3.000 15.050 3.000 1.000 1.000
530.000 540.000 4.000 15.050 4.000 1.000 1.000
3570.000 730.000 3.000 15.056 3.000 1.000 1.000
530.000 570.000 4.000 15.056 4.000 1.000 1.000
3560.000 760.000 3.000 15.062 3.000 1.000 1.000
530.000 610.000 4.000 15.062 4.000 1.000 1.000
3560.000 760.000 3.000 15.068 3.000 1.000 1.000
530.000 610.000 4.000 15.068 4.000 1.000 1.000
3560.000 730.000 3.000 15.074 3.000 1.000 1.000
520.000 570.000 4.000 15.074 4.000 1.000 1.000
3570.000 700.000 3.000 15.080 3.000 1.000 1.000
510.000 540.000 4.000 15.080 4.000 1.000 1.000
3560.000 670.000 3.000 15.085 3.000 1.000 1.000
500.000 510.000 4.000 15.085 4.000 1.000 1.000
3570.000 640.000 3.000 15.091 3.000 1.000 1.000
500.000 480.000 4.000 15.091 4.000 1.000 1.000
3570.000 610.000 3.000 15.097 3.000 1.000 1.000
480.000 450.000 4.000 15.097 4.000 1.000 1.000
3570.000 590.000 3.000 15.103 3.000 1.000 1.000
480.000 420.000 4.000 15.103 4.000 1.000 1.000
3580.000 560.000 3.000 15.109 3.000 1.000 1.000
470.000 390.000 4.000 15.109 4.000 1.000 1.000
3580.000 540.000 3.000 15.115 3.000 1.000 1.000
460.000 360.000 4.000 15.114 4.000 1.000 1.000
3580.000 520.000 3.000 15.120 3.000 1.000 1.000
450.000 340.000 4.000 15.120 4.000 1.000 1.000
3590.000 490.000 3.000 15.126 3.000 1.000 1.000
440.000 310.000 4.000 15.126 4.000 1.000 1.000
3590.000 470.000 3.000 15.132 3.000 1.000 1.000
430.000 290.000 4.000 15.132 4.000 1.000 1.000
3590.000 450.000 3.000 15.138 3.000 1.000 1.000
420.000 270.000 4.000 15.138 4.000 1.000 1.000
3590.000 440.000 3.000 15.144 3.000 1.000 1.000
420.000 260.000 4.000 15.144 4.000 1.000 1.000
3590.000 460.000 3.000 15.150 3.000 1.000 1.000
420.000 280.000 4.000 15.149 4.000 1.000 1.000
3590.000 480.000 3.000 15.155 3.000 1.000 1.000
420.000 300.000 4.000 15.155 4.000 1.000 1.000
3590.000 510.000 3.000 15.161 3.000 1.000 1.000
410.000 330.000 4.000 15.161 4.000 1.000 1.000
3590.000 530.000 3.000 15.167 3.000 1.000 1.000
410.000 350.000 4.000 15.167 4.000 1.000 1.000
3600.000 560.000 3.000 15.173 3.000 1.000 1.000
410.000 380.000 4.000 15.173 4.000 1.000 1.000
3600.000 580.000 3.000 15.179 3.000 1.000 1.000
410.000 400.000 4.000 15.179 4.000 1.000 1.000
3600.000 600.000 3.000 15.185 3.000 1.000 1.000
410.000 430.000 4.000 15.184 4.000 1.000 1.000
3600.000 630.000 3.000 15.190 3.000 1.000 1.000
410.000 460.000 4.000 15.190 4.000 1.000 1.000
3600.000 650.000 3.000 15.196 3.000 1.000 1.000
400.000 490.000 4.000 15.196 4.000 1.000 1.000
3600.000 680.000 3.000 15.202 3.000 1.000 1.000
400.000 510.000 4.000 15.202 4.000 1.000 1.000
3600.000 690.000 3.000 15.208 3.000 1.000 1.000
400.000 530.000 4.000 15.208 4.000 1.000 1.000
3590.000 680.000 3.000 15.214 3.000 1.000 1.000
410.000 510.000 4.000 15.214 4.000 1.000 1.000
3580.000 670.000 3.000 15.219 3.000 1.000 1.000
420.000 500.000 4.000 15.219 4.000 1.000 1.000
3570.000 660.000 3.000 15.225 3.000 1.000 1.000
420.000 490.000 4.000 15.225 4.000 1.000 1.000
3560.000 640.000 3.000 15.231 3.000 1.000 1.000
430.000 480.000 4.000 15.231 4.000 1.000 1.000
3550.000 630.000 3.000 15.237 3.000 1.000 1.000
440.000 470.000 4.000 15.237 4.000 1.000 1.000
3550.000 620.000 3.000 15.243 3.000 1.000 1.000
440.000 460.000 4.000 15.243 4.000 1.000 1.000
3540.000 620.000 3.000 15.249 3.000 1.000 1.000
450.000 450.000 4.000 15.249 4.000 1.000 1.000
3530.000 610.000 3.000 15.254 3.000 1.000 1.000
450.000 440.000 4.000 15.254 4.000 1.000 1.000
3520.000 600.000 3.000 15.260 3.000 1.000 1.000
460.000 430.000 4.000 15.260 4.000 1.000 1.000
3510.000 600.000 3.000 15.266 3.000 1.000 1.000
460.000 420.000 4.000 15.266 4.000 1.000 1.000
3500.000 590.000 3.000 15.272 3.000 1.000 1.000
470.000 420.000 4.000 15.272 4.000 1.000 1.000
3500.000 590.000 3.000 15.278 3.000 1.000 1.000
470.000 410.000 4.000 15.278 4.000 1.000 1.000
3480.000 580.000 3.000 15.284 3.000 1.000 1.000
480.000 410.000 4.000 15.284 4.000 1.000 1.000
3480.000 580.000 3.000 15.289 3.000 1.000 1.000
480.000 410.000 4.000 15.289 4.000 1.000 1.000
3470.000 570.000 3.000 15.295 3.000 1.000 1.000
490.000 410.000 4.000 15.295 4.000 1.000 1.000
3460.000 570.000 3.000 15.301 3.000 1.000 1.000
500.000 400.000 4.000 15.301 4.000 1.000 1.000
3460.000 570.000 3.000 15.307 3.000 1.000 1.000
500.000 400.000 4.000 15.307 4.000 1.000 1.000
3450.000 570.000 3.000 15.313 3.000 1.000 1.000
500.000 400.000 4.000 15.313 4.000 1.000 1.000
3440.000 570.000 3.000 15.319 3.000 1.000 1.000
510.000 400.000 4.000 15.319 4.000 1.000 1.000
3440.000 570.000 3.000 15.324 3.000 1.000 1.000
510.000 400.000 4.000 15.324 4.000 1.000 1.000
3430.000 580.000 3.000 15.330 3.000 1.000 1.000
520.000 400.000 4.000 15.330 4.000 1.000 1.000
3420.000 580.000 3.000 15.336 3.000 1.000 1.000
520.000 410.000 4.000 15.336 4.000 1.000 1.000
3420.000 580.000 3.000 15.342 3.000 1.000 1.000
520.000 410.000 4.000 15.342 4.000 1.000 1.000
3410.000 580.000 3.000 15.348 3.000 1.000 1.000
530.000 420.000 4.000 15.348 4.000 1.000 1.000
3410.000 590.000 3.000 15.354 3.000 1.000 1.000
540.000 420.000 4.000 15.354 4.000 1.000 1.000
3400.000 600.000 3.000 15.359 3.000 1.000 1.000
540.000 430.000 4.000 15.359 4.000 1.000 1.000
3400.000 600.000 3.000 15.365 3.000 1.000 1.000
540.000 430.000 4.000 15.365 4.000 1.000 1.000
3390.000 610.000 3.000 15.371 3.000 1.000 1.000
540.000 440.000 4.000 15.371 4.000 1.000 1.000
3380.000 620.000 3.000 15.377 3.000 1.000 1.000
550.000 450.000 4.000 15.377 4.000 1.000 1.000
3380.000 630.000 3.000 15.383 3.000 1.000 1.000
550.000 460.000 4.000 15.383 4.000 1.000 1.000
3370.000 640.000 3.000 15.389 3.000 1.000 1.000
550.000 470.000 4.000 15.389 4.000 1.000 1.000
3370.000 650.000 3.000 15.394 3.000 1.000 1.000
560.000 480.000 4.000 15.394 4.000 1.000 1.000
3360.000 650.000 3.000 15.400 3.000 1.000 1.000
560.000 490.000 4.000 15.400 4.000 1.000 1.000
3360.000 660.000 3.000 15.406 3.000 1.000 1.000
560.000 500.000 4.000 15.406 4.000 1.000 1.000
3350.000 680.000 3.000 15.412 3.000 1.000 1.000
570.000 520.000 4.000 15.412 4.000 1.000 1.000
3350.000 690.000 3.000 15.418 3.000 1.000 1.000
570.000 530.000 4.000 15.418 4.000 1.000 1.000
3350.000 700.000 3.000 15.424 3.000 1.000 1.000
570.000 540.000 4.000 15.424 4.000 1.000 1.000
3340.000 720.000 3.000 15.429 3.000 1.000 1.000
570.000 560.000 4.000 15.429 4.000 1.000 1.000
3340.000 740.000 3.000 15.435 3.000 1.000 1.000
580.000 570.000 4.000 15.435 4.000 1.000 1.000
3340.000 750.000 3.000 15.441 3.000 1.000 1.000
580.000 590.000 4.000 15.441 4.000 1.000 1.000
3330.000 770.000 3.000 15.447 3.000 1.000 1.000
580.000 610.000 4.000 15.447 4.000 1.000 1.000
3330.000 790.000 3.000 15.453 3.000 1.000 1.000
580.000 630.000 4.000 15.453 4.000 1.000 1.000
3330.000 800.000 3.000 15.459 3.000 1.000 1.000
590.000 650.000 4.000 15.459 4.000 1.000 1.000
3320.000 820.000 3.000 15.464 3.000 1.000 1.000
580.000 660.000 4.000 15.464 4.000 1.000 1.000
3320.000 840.000 3.000 15.470 3.000 1.000 1.000
590.000 690.000 4.000 15.470 4.000 1.000 1.000
3320.000 860.000 3.000 15.476 3.000 1.000 1.000
590.000 710.000 4.000 15.476 4.000 1.000 1.000
3310.000 870.000 3.000 15.482 3.000 1.000 1.000
590.000 730.000 4.000 15.482 4.000 1.000 1.000
3310.000 900.000 3.000 15.488 3.000 1.000 1.000
590.000 760.000 4.000 15.488 4.000 1.000 1.000
3310.000 920.000 3.000 15.494 3.000 1.000 1.000
590.000 790.000 4.000 15.494 4.000 1.000 1.000
3310.000 950.000 3.000 15.499 3.000 1.000 1.000
590.000 820.000 4.000 15.499 4.000 1.000 1.000
3310.000 970.000 3.000 15.505 3.000 1.000 1.000
590.000 840.000 4.000 15.505 4.000 1.000 1.000
3300.000 990.000 3.000 15.511 3.000 1.000 1.000
600.000 860.000 4.000 15.511 4.000 1.000 1.000
3300.000 1020.000 3.000 15.517 3.000 1.000 1.000
600.000 890.000 4.000 15.517 4.000 1.000 1.000
3310.000 1040.000 3.000 15.523 3.000 1.000 1.000
590.000 920.000 4.000 15.523 4.000 1.000 1.000
3300.000 1070.000 3.000 15.529 3.000 1.000 1.000
590.000 950.000 4.000 15.529 4.000 1.000 1.000
3300.000 1100.000 3.000 15.534 3.000 1.000 1.000
590.000 970.000 4.000 15.534 4.000 1.000 1.000
3300.000 1120.000 3.000 15.540 3.000 1.000 1.000
600.000 1010.000 4.000 15.540 4.000 1.000 1.000
3300.000 1160.000 3.000 15.546 3.000 1.000 1.000
590.000 1040.000 4.000 15.546 4.000 1.000 1.000
3300.000 1190.000 3.000 15.552 3.000 1.000 1.000
600.000 1070.000 4.000 15.552 4.000 1.000 1.000
3300.000 1220.000 3.000 15.558 3.000 1.000 1.000
590.000 1110.000 4.000 15.558 4.000 1.000 1.000
3300.000 1250.000 3.000 15.564 3.000 1.000 1.000
590.000 1140.000 4.000 15.563 4.000 1.000 1.000
3300.000 1270.000 3.000 15.569 3.000 1.000 1.000
590.000 1170.000 4.000 15.569 4.000 1.000 1.000
3290.000 1250.000 3.000 15.575 3.000 1.000 1.000
600.000 1150.000 4.000 15.575 4.000 1.000 1.000
3280.000 1240.000 3.000 15.581 3.000 1.000 1.000
610.000 1130.000 4.000 15.581 4.000 1.000 1.000
3270.000 1220.000 3.000 15.587 3.000 1.000 1.000
610.000 1110.000 4.000 15.587 4.000 1.000 1.000
