44.000 278.000 12.509 3.000 1.000 1.000 1.000
194.000 188.000 12.527 3.000 1.000 1.000 1.000
207.000 185.000 12.533 3.000 1.000 1.000 1.000
214.000 184.000 12.538 3.000 1.000 1.000 1.000
219.000 183.000 12.544 3.000 1.000 1.000 1.000
225.000 182.000 12.550 3.000 1.000 1.000 1.000
231.000 181.000 12.556 3.000 1.000 1.000 1.000
236.000 180.000 12.562 3.000 1.000 1.000 1.000
242.000 179.000 12.568 3.000 1.000 1.000 1.000
93.000 16.000 12.571 1.000 1.000 1.000 1.000
248.000 179.000 12.573 3.000 1.000 1.000 1.000
90.000 23.000 12.577 1.000 1.000 1.000 1.000
253.000 178.000 12.579 3.000 1.000 1.000 1.000
87.000 28.000 12.583 1.000 1.000 1.000 1.000
259.000 178.000 12.585 3.000 1.000 1.000 1.000
85.000 36.000 12.588 1.000 1.000 1.000 1.000
264.000 178.000 12.591 3.000 1.000 1.000 1.000
82.000 42.000 12.594 1.000 1.000 1.000 1.000
269.000 178.000 12.597 3.000 1.000 1.000 1.000
241.000 55.000 12.599 2.000 1.000 1.000 1.000
79.000 48.000 12.600 1.000 1.000 1.000 1.000
228.000 32.000 12.605 2.000 1.000 1.000 1.000
275.000 178.000 12.603 3.000 1.000 1.000 1.000
77.000 56.000 12.606 1.000 1.000 1.000 1.000
280.000 178.000 12.608 3.000 1.000 1.000 1.000
74.000 62.000 12.612 1.000 1.000 1.000 1.000
242.000 54.000 12.611 2.000 1.000 1.000 1.000
285.000 178.000 12.614 3.000 1.000 1.000 1.000
72.000 69.000 12.618 1.000 1.000 1.000 1.000
247.000 78.000 12.617 2.000 1.000 1.000 1.000
70.000 75.000 12.623 1.000 1.000 1.000 1.000
248.000 85.000 12.622 2.000 1.000 1.000 1.000
290.000 178.000 12.620 3.000 1.000 1.000 1.000
-214748035.000 -214748226.000 12.619 4.000 1.000 1.000 1.000
67.000 82.000 12.629 1.000 1.000 1.000 1.000
250.000 92.000 12.628 2.000 1.000 1.000 1.000
295.000 178.000 12.626 3.000 1.000 1.000 1.000
65.000 90.000 12.635 1.000 1.000 1.000 1.000
251.000 99.000 12.634 2.000 1.000 1.000 1.000
300.000 179.000 12.632 3.000 1.000 1.000 1.000
252.000 106.000 12.640 2.000 1.000 1.000 1.000
305.000 180.000 12.638 3.000 1.000 1.000 1.000
63.000 97.000 12.641 1.000 1.000 1.000 1.000
254.000 114.000 12.646 2.000 1.000 1.000 1.000
310.000 181.000 12.643 3.000 1.000 1.000 1.000
372.000 174.000 12.637 4.000 1.000 1.000 1.000
61.000 104.000 12.647 1.000 1.000 1.000 1.000
314.000 181.000 12.649 3.000 1.000 1.000 1.000
367.000 175.000 12.643 4.000 1.000 1.000 1.000
58.000 112.000 12.653 1.000 1.000 1.000 1.000
255.000 123.000 12.652 2.000 1.000 1.000 1.000
319.000 182.000 12.655 3.000 1.000 1.000 1.000
362.000 175.000 12.649 4.000 1.000 1.000 1.000
56.000 119.000 12.658 1.000 1.000 1.000 1.000
256.000 129.000 12.657 2.000 1.000 1.000 1.000
356.000 176.000 12.654 4.000 1.000 1.000 1.000
54.000 127.000 12.664 1.000 1.000 1.000 1.000
257.000 138.000 12.663 2.000 1.000 1.000 1.000
324.000 183.000 12.661 3.000 1.000 1.000 1.000
352.000 177.000 12.660 4.000 1.000 1.000 1.000
52.000 136.000 12.670 1.000 1.000 1.000 1.000
259.000 146.000 12.669 2.000 1.000 1.000 1.000
329.000 184.000 12.667 3.000 1.000 1.000 1.000
348.000 178.000 12.666 4.000 1.000 1.000 1.000
50.000 142.000 12.676 1.000 1.000 1.000 1.000
260.000 154.000 12.675 2.000 1.000 1.000 1.000
333.000 185.000 12.673 3.000 1.000 1.000 1.000
343.000 178.000 12.672 4.000 1.000 1.000 1.000
261.000 162.000 12.681 2.000 1.000 1.000 1.000
337.000 186.000 12.678 3.000 1.000 1.000 1.000
339.000 180.000 12.678 4.000 1.000 1.000 1.000
48.000 151.000 12.682 1.000 1.000 1.000 1.000
262.000 170.000 12.687 2.000 1.000 1.000 1.000
342.000 187.000 12.684 3.000 1.000 1.000 1.000
335.000 180.000 12.684 4.000 1.000 1.000 1.000
45.000 161.000 12.688 1.000 1.000 1.000 1.000
346.000 189.000 12.690 3.000 1.000 1.000 1.000
331.000 181.000 12.689 4.000 1.000 1.000 1.000
44.000 167.000 12.693 1.000 1.000 1.000 1.000
264.000 178.000 12.692 2.000 1.000 1.000 1.000
350.000 191.000 12.696 3.000 1.000 1.000 1.000
327.000 183.000 12.695 4.000 1.000 1.000 1.000
42.000 175.000 12.699 1.000 1.000 1.000 1.000
265.000 187.000 12.698 2.000 1.000 1.000 1.000
40.000 183.000 12.705 1.000 1.000 1.000 1.000
266.000 195.000 12.704 2.000 1.000 1.000 1.000
355.000 192.000 12.702 3.000 1.000 1.000 1.000
323.000 184.000 12.701 4.000 1.000 1.000 1.000
38.000 192.000 12.711 1.000 1.000 1.000 1.000
267.000 204.000 12.710 2.000 1.000 1.000 1.000
359.000 193.000 12.708 3.000 1.000 1.000 1.000
319.000 185.000 12.707 4.000 1.000 1.000 1.000
36.000 200.000 12.717 1.000 1.000 1.000 1.000
268.000 214.000 12.716 2.000 1.000 1.000 1.000
363.000 195.000 12.713 3.000 1.000 1.000 1.000
315.000 187.000 12.713 4.000 1.000 1.000 1.000
269.000 223.000 12.722 2.000 1.000 1.000 1.000
367.000 197.000 12.719 3.000 1.000 1.000 1.000
311.000 188.000 12.719 4.000 1.000 1.000 1.000
34.000 209.000 12.723 1.000 1.000 1.000 1.000
270.000 232.000 12.727 2.000 1.000 1.000 1.000
371.000 198.000 12.725 3.000 1.000 1.000 1.000
307.000 190.000 12.724 4.000 1.000 1.000 1.000
32.000 222.000 12.728 1.000 1.000 1.000 1.000
375.000 200.000 12.731 3.000 1.000 1.000 1.000
303.000 192.000 12.730 4.000 1.000 1.000 1.000
30.000 231.000 12.734 1.000 1.000 1.000 1.000
271.000 241.000 12.733 2.000 1.000 1.000 1.000
379.000 202.000 12.737 3.000 1.000 1.000 1.000
300.000 193.000 12.736 4.000 1.000 1.000 1.000
29.000 236.000 12.740 1.000 1.000 1.000 1.000
272.000 250.000 12.739 2.000 1.000 1.000 1.000
27.000 245.000 12.746 1.000 1.000 1.000 1.000
273.000 260.000 12.745 2.000 1.000 1.000 1.000
383.000 204.000 12.743 3.000 1.000 1.000 1.000
295.000 195.000 12.742 4.000 1.000 1.000 1.000
25.000 254.000 12.752 1.000 1.000 1.000 1.000
274.000 269.000 12.751 2.000 1.000 1.000 1.000
387.000 206.000 12.748 3.000 1.000 1.000 1.000
292.000 197.000 12.748 4.000 1.000 1.000 1.000
23.000 263.000 12.758 1.000 1.000 1.000 1.000
275.000 279.000 12.757 2.000 1.000 1.000 1.000
288.000 199.000 12.753 4.000 1.000 1.000 1.000
276.000 289.000 12.762 2.000 1.000 1.000 1.000
285.000 200.000 12.759 4.000 1.000 1.000 1.000
22.000 273.000 12.763 1.000 1.000 1.000 1.000
281.000 203.000 12.765 4.000 1.000 1.000 1.000
20.000 282.000 12.769 1.000 1.000 1.000 1.000
276.000 284.000 12.768 2.000 1.000 1.000 1.000
278.000 204.000 12.771 4.000 1.000 1.000 1.000
19.000 292.000 12.775 1.000 1.000 1.000 1.000
277.000 294.000 12.774 2.000 1.000 1.000 1.000
274.000 205.000 12.777 4.000 1.000 1.000 1.000
17.000 298.000 12.781 1.000 1.000 1.000 1.000
392.000 209.000 12.778 3.000 1.000 1.000 1.000
394.000 211.000 12.784 3.000 1.000 1.000 1.000
274.000 199.000 12.783 4.000 1.000 1.000 1.000
12.000 294.000 12.787 1.000 1.000 1.000 1.000
274.000 192.000 12.788 4.000 1.000 1.000 1.000
7.000 293.000 12.793 1.000 1.000 1.000 1.000
273.000 186.000 12.794 4.000 1.000 1.000 1.000
2.000 290.000 12.798 1.000 1.000 1.000 1.000
273.000 180.000 12.800 4.000 1.000 1.000 1.000
1.000 287.000 12.804 1.000 1.000 1.000 1.000
273.000 174.000 12.806 4.000 1.000 1.000 1.000
4.000 290.000 12.810 1.000 1.000 1.000 1.000
273.000 168.000 12.812 4.000 1.000 1.000 1.000
6.000 287.000 12.816 1.000 1.000 1.000 1.000
272.000 162.000 12.818 4.000 1.000 1.000 1.000
272.000 156.000 12.823 4.000 1.000 1.000 1.000
272.000 150.000 12.829 4.000 1.000 1.000 1.000
271.000 145.000 12.835 4.000 1.000 1.000 1.000
271.000 139.000 12.841 4.000 1.000 1.000 1.000
311.000 296.000 12.841 2.000 1.000 1.000 1.000
271.000 134.000 12.847 4.000 1.000 1.000 1.000
317.000 293.000 12.847 2.000 1.000 1.000 1.000
270.000 128.000 12.853 4.000 1.000 1.000 1.000
269.000 123.000 12.858 4.000 1.000 1.000 1.000
269.000 118.000 12.864 4.000 1.000 1.000 1.000
325.000 296.000 12.865 2.000 1.000 1.000 1.000
268.000 113.000 12.870 4.000 1.000 1.000 1.000
268.000 109.000 12.876 4.000 1.000 1.000 1.000
268.000 104.000 12.882 4.000 1.000 1.000 1.000
335.000 292.000 12.883 2.000 1.000 1.000 1.000
267.000 100.000 12.888 4.000 1.000 1.000 1.000
267.000 95.000 12.893 4.000 1.000 1.000 1.000
266.000 90.000 12.899 4.000 1.000 1.000 1.000
344.000 287.000 12.901 2.000 1.000 1.000 1.000
265.000 86.000 12.905 4.000 1.000 1.000 1.000
350.000 284.000 12.907 2.000 1.000 1.000 1.000
265.000 82.000 12.911 4.000 1.000 1.000 1.000
353.000 284.000 12.913 2.000 1.000 1.000 1.000
264.000 77.000 12.917 4.000 1.000 1.000 1.000
356.000 283.000 12.919 2.000 1.000 1.000 1.000
263.000 74.000 12.923 4.000 1.000 1.000 1.000
359.000 283.000 12.925 2.000 1.000 1.000 1.000
263.000 70.000 12.928 4.000 1.000 1.000 1.000
363.000 283.000 12.930 2.000 1.000 1.000 1.000
262.000 67.000 12.934 4.000 1.000 1.000 1.000
366.000 283.000 12.936 2.000 1.000 1.000 1.000
261.000 63.000 12.940 4.000 1.000 1.000 1.000
369.000 283.000 12.942 2.000 1.000 1.000 1.000
260.000 60.000 12.946 4.000 1.000 1.000 1.000
372.000 283.000 12.948 2.000 1.000 1.000 1.000
260.000 56.000 12.952 4.000 1.000 1.000 1.000
374.000 284.000 12.954 2.000 1.000 1.000 1.000
259.000 53.000 12.958 4.000 1.000 1.000 1.000
377.000 284.000 12.960 2.000 1.000 1.000 1.000
259.000 49.000 12.963 4.000 1.000 1.000 1.000
380.000 285.000 12.965 2.000 1.000 1.000 1.000
257.000 46.000 12.969 4.000 1.000 1.000 1.000
384.000 285.000 12.971 2.000 1.000 1.000 1.000
256.000 44.000 12.975 4.000 1.000 1.000 1.000
386.000 287.000 12.977 2.000 1.000 1.000 1.000
256.000 41.000 12.981 4.000 1.000 1.000 1.000
255.000 38.000 12.987 4.000 1.000 1.000 1.000
254.000 35.000 12.993 4.000 1.000 1.000 1.000
394.000 287.000 12.995 2.000 1.000 1.000 1.000
253.000 33.000 12.998 4.000 1.000 1.000 1.000
398.000 288.000 13.001 2.000 1.000 1.000 1.000
252.000 30.000 13.004 4.000 1.000 1.000 1.000
392.000 286.000 13.007 2.000 1.000 1.000 1.000
251.000 28.000 13.010 4.000 1.000 1.000 1.000
395.000 288.000 13.013 2.000 1.000 1.000 1.000
250.000 25.000 13.016 4.000 1.000 1.000 1.000
396.000 291.000 13.018 2.000 1.000 1.000 1.000
249.000 23.000 13.022 4.000 1.000 1.000 1.000
248.000 21.000 13.028 4.000 1.000 1.000 1.000
247.000 19.000 13.033 4.000 1.000 1.000 1.000
247.000 17.000 13.039 4.000 1.000 1.000 1.000
246.000 15.000 13.045 4.000 1.000 1.000 1.000
245.000 14.000 13.051 4.000 1.000 1.000 1.000
243.000 12.000 13.057 4.000 1.000 1.000 1.000
242.000 10.000 13.063 4.000 1.000 1.000 1.000
241.000 9.000 13.068 4.000 1.000 1.000 1.000
240.000 8.000 13.074 4.000 1.000 1.000 1.000
239.000 7.000 13.080 4.000 1.000 1.000 1.000
238.000 6.000 13.086 4.000 1.000 1.000 1.000
237.000 5.000 13.092 4.000 1.000 1.000 1.000
236.000 4.000 13.098 4.000 1.000 1.000 1.000
234.000 3.000 13.103 4.000 1.000 1.000 1.000
233.000 3.000 13.109 4.000 1.000 1.000 1.000
232.000 3.000 13.115 4.000 1.000 1.000 1.000
232.000 2.000 13.121 4.000 1.000 1.000 1.000
230.000 2.000 13.127 4.000 1.000 1.000 1.000
229.000 2.000 13.133 4.000 1.000 1.000 1.000
228.000 2.000 13.138 4.000 1.000 1.000 1.000
227.000 2.000 13.144 4.000 1.000 1.000 1.000
226.000 1.000 13.150 4.000 1.000 1.000 1.000
224.000 2.000 13.156 4.000 1.000 1.000 1.000
223.000 2.000 13.162 4.000 1.000 1.000 1.000
222.000 1.000 13.167 4.000 1.000 1.000 1.000
220.000 1.000 13.173 4.000 1.000 1.000 1.000
219.000 1.000 13.179 4.000 1.000 1.000 1.000
218.000 2.000 13.185 4.000 1.000 1.000 1.000
217.000 2.000 13.191 4.000 1.000 1.000 1.000
215.000 2.000 13.197 4.000 1.000 1.000 1.000
214.000 3.000 13.202 4.000 1.000 1.000 1.000
213.000 3.000 13.208 4.000 1.000 1.000 1.000
211.000 3.000 13.214 4.000 1.000 1.000 1.000
210.000 4.000 13.220 4.000 1.000 1.000 1.000
209.000 5.000 13.226 4.000 1.000 1.000 1.000
208.000 6.000 13.232 4.000 1.000 1.000 1.000
206.000 6.000 13.237 4.000 1.000 1.000 1.000
205.000 8.000 13.243 4.000 1.000 1.000 1.000
203.000 9.000 13.249 4.000 1.000 1.000 1.000
202.000 10.000 13.255 4.000 1.000 1.000 1.000
201.000 11.000 13.261 4.000 1.000 1.000 1.000
200.000 13.000 13.267 4.000 1.000 1.000 1.000
198.000 14.000 13.272 4.000 1.000 1.000 1.000
197.000 16.000 13.278 4.000 1.000 1.000 1.000
195.000 17.000 13.284 4.000 1.000 1.000 1.000
194.000 19.000 13.290 4.000 1.000 1.000 1.000
193.000 21.000 13.296 4.000 1.000 1.000 1.000
192.000 22.000 13.302 4.000 1.000 1.000 1.000
190.000 24.000 13.307 4.000 1.000 1.000 1.000
190.000 25.000 13.313 4.000 1.000 1.000 1.000
190.000 27.000 13.319 4.000 1.000 1.000 1.000
190.000 26.000 13.325 4.000 1.000 1.000 1.000
190.000 28.000 13.331 4.000 1.000 1.000 1.000
151.000 94.000 13.471 4.000 1.000 1.000 1.000
156.000 87.000 13.476 4.000 1.000 1.000 1.000
152.000 96.000 13.482 4.000 1.000 1.000 1.000
