586.165 268.503 446.964 10.546 -3724.055 1122.261 2.000
567.428 274.143 434.473 10.551 -3762.595 1131.456 2.000
548.450 279.701 421.870 10.556 -3776.042 1105.524 2.000
528.408 286.173 408.854 10.561 -3677.979 1035.426 2.000
509.883 291.388 396.313 10.566 -3677.979 1035.426 2.000
490.663 296.869 383.153 10.571 -3789.434 1104.599 2.000
472.518 301.987 369.975 10.576 -3916.443 1186.614 2.000
452.576 308.006 356.297 10.581 -3935.215 1161.399 2.000
433.441 313.741 342.540 10.586 -3939.188 1161.083 2.000
413.897 319.426 328.613 10.591 -3788.531 1125.295 2.000
394.860 325.067 314.642 10.596 -3731.417 1141.623 2.000
376.085 330.811 300.287 10.601 -3731.417 1141.623 2.000
356.904 336.761 285.400 10.606 -3712.083 1121.076 2.000
337.645 342.489 270.417 10.611 -3674.380 1110.883 2.000
319.031 348.216 255.399 10.616 -3733.179 1157.826 2.000
300.414 353.872 240.762 10.621 -3685.919 1163.365 2.000
282.303 359.460 225.911 10.626 -3751.894 1143.948 2.000
263.689 365.226 210.614 10.631 -3803.577 1161.621 2.000
244.567 371.066 194.473 10.636 -3803.577 1161.621 2.000
225.715 376.894 178.483 10.641 -3725.167 1124.963 2.000
207.334 382.304 162.066 10.646 -3609.880 1089.333 2.000
189.240 387.806 146.068 10.651 -3568.780 1073.078 2.000
171.233 393.482 129.513 10.656 -3537.629 1065.748 2.000
153.796 398.682 113.199 10.661 -3498.369 1081.337 2.000
135.315 404.315 96.040 10.666 -3482.823 1121.340 2.000
117.715 410.024 81.055 10.671 -3493.625 1118.006 2.000
100.216 415.624 66.225 10.676 -3493.625 1118.006 2.000
84.099 420.584 57.923 10.681 -3413.476 1095.119 2.000
68.452 425.234 52.226 10.686 -3225.905 993.547 2.000
53.261 429.899 49.194 10.691 -2899.596 856.499 2.000
38.329 434.318 48.314 10.697 -2637.776 735.283 2.000
24.121 438.385 51.744 10.702 -2392.158 656.678 2.000
10.554 442.137 60.246 10.707 -2160.338 557.585 2.000
-0.263 444.929 75.431 10.712 -2160.338 557.585 2.000
-11.879 447.851 90.218 10.717 -2123.998 526.360 2.000
-22.265 450.547 105.782 10.722 -2142.139 534.038 2.000
-32.704 452.988 120.337 10.727 -2126.970 530.413 2.000
-43.266 455.707 134.537 10.732 -2160.297 514.624 2.000
-54.209 458.445 148.579 10.737 -2105.056 516.825 2.000
-64.527 461.013 162.909 10.742 -2075.670 504.571 2.000
-74.948 463.546 176.394 10.747 -2075.670 504.571 2.000
-85.188 465.810 189.647 10.752 -2020.234 492.121 2.000
-95.857 468.354 202.680 10.757 -2005.650 474.288 2.000
-105.419 470.858 215.696 10.762 -1985.596 478.572 2.000
-115.285 473.152 227.968 10.767 -1927.565 476.083 2.000
-125.540 475.737 240.078 10.772 -1927.660 474.488 2.000
-135.079 478.128 252.382 10.777 -1955.351 466.553 2.000
-144.927 480.478 263.785 10.782 -1955.351 466.553 2.000
-155.006 482.798 274.743 10.787 -2000.260 493.099 2.000
-165.063 485.108 285.817 10.792 -2012.174 487.863 2.000
-175.160 487.666 296.148 10.797 -2015.572 477.087 2.000
-184.616 490.036 306.540 10.802 -2049.298 460.595 2.000
-195.053 492.381 316.415 10.807 -2055.487 478.487 2.000
-205.623 494.839 326.058 10.812 -2000.907 460.846 2.000
-215.650 497.148 335.305 10.817 -2000.907 460.846 2.000
-225.875 499.039 344.614 10.822 -2036.253 426.282 2.000
-235.843 501.422 353.587 10.827 -1984.365 429.233 2.000
-245.952 503.605 361.892 10.832 -2022.262 434.582 2.000
-255.893 506.170 369.892 10.837 -2001.013 468.387 2.000
-265.612 508.503 378.206 10.842 -1949.500 502.958 2.000
-275.776 511.046 386.232 10.847 -1903.782 527.967 2.000
-285.355 513.702 393.545 10.852 -1903.782 527.967 2.000
-294.907 515.821 400.557 10.857 -1910.437 530.026 2.000
-304.870 518.192 407.425 10.862 -1912.087 531.510 2.000
-314.317 521.069 413.655 10.867 -1945.582 491.663 2.000
-323.917 523.513 419.705 10.872 -1879.170 474.803 2.000
-333.318 526.145 426.024 10.877 -1953.922 437.665 2.000
-343.078 528.386 431.723 10.882 -1985.258 456.374 2.000
-352.794 530.656 436.839 10.887 -1950.299 452.914 2.000
-362.730 532.902 442.226 10.892 -1923.376 456.547 2.000
-372.615 534.909 446.825 10.897 -1945.623 463.738 2.000
-381.908 537.631 451.434 10.902 -1868.754 478.420 2.000
-391.089 539.921 455.672 10.907 -1846.863 454.929 2.000
-400.473 542.222 459.991 10.912 -1842.957 476.463 2.000
-410.640 544.590 463.547 10.917 -1828.222 473.348 2.000
-420.126 546.913 467.431 10.922 -1949.857 454.384 2.000
-429.873 549.185 470.807 10.927 -1949.857 454.384 2.000
-438.985 551.285 473.836 10.932 -1963.959 445.246 2.000
-449.324 553.653 476.239 10.937 -2038.199 443.478 2.000
-458.194 556.252 479.101 10.942 -2020.713 438.955 2.000
-468.110 558.156 481.872 10.947 -1918.309 457.927 2.000
-478.278 560.471 483.945 10.952 -1867.288 422.793 2.000
-488.213 562.532 485.544 10.957 -1798.719 441.909 2.000
-497.212 564.743 487.437 10.962 -1798.719 441.909 2.000
-506.739 566.918 488.618 10.967 -1792.237 448.459 2.000
-515.494 569.333 489.728 10.972 -1864.073 459.567 2.000
-524.946 572.005 490.699 10.977 -1794.688 485.535 2.000
-533.442 574.419 491.680 10.982 -1914.207 510.253 2.000
-542.811 576.565 491.744 10.988 -1809.469 533.417 2.000
-552.263 578.991 491.419 10.993 -1743.017 515.117 2.000
-561.019 581.579 490.875 10.998 -1743.017 515.117 2.000
-569.125 583.498 490.326 11.003 -1654.720 412.174 2.000
-577.574 585.759 489.092 11.008 -1587.739 389.971 2.000
-586.198 588.124 488.184 11.013 -1635.065 363.285 2.000
-594.494 590.095 486.483 11.018 -1660.845 325.202 2.000
-603.260 592.004 484.837 11.023 -1688.218 383.253 2.000
-612.164 593.738 482.547 11.028 -1851.925 319.790 2.000
-621.410 595.286 480.421 11.033 -1912.842 356.846 2.000
-630.706 597.294 478.235 11.038 -1944.199 400.371 2.000
10232.020 -3651.233 642.991 11.139 -86864.336 271990.283 2.000
6692.060 -1497.406 3579.686 11.144 -1088958.076 129285.346 2.000
-35224.888 -12460.337 2387.455 11.149 -17768678.417 -70738.886 2.000
16008.190 400.929 4994.548 11.154 1026170.481 8557.290 2.000
5993.273 565.561 1946.203 11.159 -50793.518 33651.451 2.000
3620.264 -626.808 2613.313 11.164 123636.960 43314.051 2.000
-6654.325 1657.852 -1714.472 11.169 -485238.498 -161652.880 2.000
-878.677 656.017 326.568 11.174 -1506.349 501.716 2.000
-886.364 658.541 318.828 11.179 -1363.269 466.039 2.000
-894.213 660.513 309.739 11.184 -1482.444 422.975 2.000
-901.198 662.818 299.933 11.189 -1456.034 377.316 2.000
-907.988 665.614 290.106 11.194 -1503.548 397.258 2.000
-915.705 667.962 280.171 11.199 -1375.183 495.804 2.000
