671.882 -43.115 -384.650 10.590 -4598.189 -362.336 1.000
648.982 -45.021 -371.657 10.595 -4596.669 -387.918 1.000
626.460 -46.924 -358.264 10.600 -4593.592 -399.264 1.000
603.099 -48.518 -343.441 10.605 -4368.498 -427.715 1.000
580.874 -50.844 -330.191 10.610 -4299.285 -372.870 1.000
559.045 -52.771 -316.214 10.615 -4318.739 -364.737 1.000
536.797 -54.677 -302.403 10.620 -4260.588 -344.042 1.000
514.795 -56.659 -288.542 10.625 -4281.168 -323.996 1.000
494.074 -58.072 -274.204 10.630 -4293.746 -360.599 1.000
472.182 -60.239 -259.244 10.635 -4297.006 -349.145 1.000
450.914 -61.752 -243.738 10.640 -4383.979 -346.383 1.000
429.953 -63.201 -229.094 10.645 -4298.071 -285.806 1.000
407.887 -64.523 -212.260 10.650 -4322.612 -306.371 1.000
387.736 -65.805 -196.589 10.655 -3998.321 -212.573 1.000
368.957 -66.719 -181.942 10.660 -3612.993 -116.163 1.000
349.476 -67.523 -164.559 10.665 -3733.053 -130.649 1.000
329.131 -68.509 -146.479 10.670 -3746.772 -99.559 1.000
309.446 -69.056 -127.953 10.675 -3817.798 -88.141 1.000
