550.254 273.121 423.849 20.749 -3764.143 214.536 2.000
531.648 274.387 411.734 20.754 -3734.166 213.529 2.000
512.699 275.742 399.200 20.759 -3770.780 260.376 2.000
493.687 276.723 386.462 20.764 -3838.003 304.822 2.000
473.947 278.034 372.887 20.769 -3875.080 339.995 2.000
454.453 279.575 359.060 20.774 -3895.648 330.651 2.000
434.431 281.466 344.974 20.779 -3899.861 337.281 2.000
415.487 283.214 331.197 20.784 -3943.409 355.150 2.000
396.052 285.193 316.970 20.789 -3948.280 332.356 2.000
376.787 286.505 302.572 20.794 -3886.016 317.148 2.000
357.431 287.930 287.704 20.799 -3798.427 296.973 2.000
338.124 289.186 272.684 20.804 -3750.886 288.512 2.000
318.687 290.935 257.225 20.809 -3767.177 291.730 2.000
299.684 292.602 241.976 20.814 -3780.600 316.508 2.000
280.601 294.171 226.490 20.819 -3773.445 288.980 2.000
261.735 295.859 210.995 20.824 -3779.250 287.922 2.000
242.886 297.084 194.993 20.829 -3801.166 306.091 2.000
223.872 298.432 178.913 20.834 -3838.294 331.247 2.000
204.759 299.884 162.583 20.839 -3820.488 286.054 2.000
185.580 301.426 146.093 20.844 -3768.380 263.130 2.000
166.232 302.994 128.835 20.849 -3755.517 258.571 2.000
147.312 304.349 111.497 20.854 -3811.174 254.999 2.000
128.688 305.378 94.297 20.859 -3772.867 250.208 2.000
109.873 307.048 77.695 20.864 -3748.635 284.611 2.000
92.184 308.170 65.187 20.869 -3544.651 314.437 2.000
75.221 309.096 55.349 20.874 -3322.483 305.433 2.000
58.964 309.712 48.278 20.879 -3049.986 309.430 2.000
43.457 311.325 46.174 20.884 -2906.009 79.728 2.000
28.439 312.464 45.885 20.889 -2623.632 10.166 2.000
14.317 313.214 49.040 20.894 -2393.856 10.425 2.000
2.383 312.902 59.675 20.899 -2314.696 121.281 2.000
-9.358 313.316 72.139 20.904 -2247.571 45.452 2.000
-20.557 313.899 87.848 20.909 -2220.105 11.881 2.000
-32.277 313.958 102.293 20.914 -2224.834 23.558 2.000
-43.372 313.954 117.338 20.919 -2238.070 30.701 2.000
-54.846 313.995 131.472 20.924 -2275.683 3.238 2.000
-65.689 313.841 145.450 20.929 -2252.481 3.773 2.000
-76.727 313.943 159.167 20.934 -2254.115 -26.329 2.000
-87.839 314.019 172.614 20.939 -2218.548 -31.160 2.000
-98.998 313.975 185.744 20.944 -2143.780 18.576 2.000
-110.336 314.280 198.508 20.949 -2152.141 25.831 2.000
-121.020 314.361 210.926 20.954 -2138.091 20.811 2.000
-131.984 314.120 223.297 20.959 -2147.957 44.769 2.000
-142.596 314.355 234.926 20.964 -2131.762 61.466 2.000
-153.196 314.655 246.552 20.969 -2143.833 39.847 2.000
-163.988 314.897 258.238 20.975 -2154.637 69.003 2.000
-174.744 315.420 269.365 20.980 -2157.727 47.887 2.000
-185.878 315.783 280.171 20.985 -2201.969 39.423 2.000
-196.902 315.780 290.935 20.990 -2105.168 51.370 2.000
-207.025 315.848 300.980 20.995 -2127.029 59.809 2.000
-217.952 316.150 310.906 21.000 -2091.864 45.263 2.000
-228.641 316.579 320.173 21.005 -2156.556 40.555 2.000
-239.422 316.837 329.752 21.010 -2112.189 52.079 2.000
-250.283 317.309 338.816 21.015 -2140.274 61.983 2.000
-260.920 317.369 347.308 21.020 -2119.227 59.330 2.000
-271.482 317.510 355.935 21.025 -2107.031 45.957 2.000
-281.637 317.528 363.928 21.030 -2143.460 59.559 2.000
-292.388 317.851 371.544 21.035 -2145.428 14.274 2.000
-303.251 318.184 379.188 21.040 -2052.016 17.328 2.000
-313.539 318.293 386.539 21.045 -2041.737 16.666 2.000
-324.114 318.627 393.679 21.050 -2044.376 -10.699 2.000
-334.581 318.481 400.607 21.055 -2059.973 8.860 2.000
-344.800 318.331 407.327 21.060 -2092.805 25.551 2.000
-355.204 318.442 413.619 21.065 -2082.261 24.893 2.000
-365.516 318.869 419.746 21.070 -2081.808 70.249 2.000
-375.906 319.221 425.885 21.075 -2095.237 84.948 2.000
-386.717 319.528 431.540 21.080 -2159.442 42.287 2.000
-397.582 319.768 436.758 21.085 -2124.822 71.610 2.000
-408.074 320.034 441.641 21.090 -2093.878 77.875 2.000
-418.640 320.158 446.330 21.095 -2157.278 42.074 2.000
-429.337 320.280 450.845 21.100 -2131.909 31.920 2.000
-440.377 320.512 454.799 21.105 -2180.392 5.796 2.000
1645219.887 -5205.202 -90780.443 21.110 1569036.062 6819175.244 2.000
-7394.208 -942.027 850.181 21.115 470493.371 46392.718 2.000
15192.971 708.388 5255.280 21.120 -1055908.767 117944.512 2.000
4631.197 1224.061 1173.321 21.125 -14236.914 146121.447 2.000
-11680.585 -15778.759 8695.488 21.130 -11587755.499 -19054335.372 2.000
-4603.202 23783.780 -14443.192 21.135 7987270.874 13174918.691 2.000
-436873.027 -717401.394 330.767 21.140 -149898260.524 -246566398.693 2.000
802.208 252.624 499.510 23.961 -4260.581 -341.579 1.000
779.769 251.436 488.761 23.966 -4249.113 -370.585 1.000
759.272 249.649 479.179 23.971 -4171.125 -342.558 1.000
738.791 248.063 468.494 23.976 -4147.559 -300.519 1.000
717.133 246.218 457.295 23.981 -4013.802 -304.323 1.000
696.907 244.100 445.549 23.986 -3951.653 -283.449 1.000
