2172.812 648.086 38.687 25.689 5265.403 -1568.651 2.000
2198.028 640.375 37.696 25.694 5036.219 -1545.922 2.000
2229.110 632.381 46.021 25.699 3895.697 -1498.391 2.000
2250.774 624.863 40.701 25.704 3864.022 -1493.589 2.000
2273.056 617.042 35.059 25.709 3891.320 -1505.598 2.000
2293.954 609.652 29.599 25.714 3895.330 -1510.685 2.000
2308.649 601.668 9.079 25.719 4590.310 -1517.309 2.000
2335.543 594.099 14.048 25.724 3899.206 -1541.888 2.000
2356.078 586.712 8.372 25.729 3757.861 -1512.827 2.000
2376.326 579.374 2.809 25.734 3576.219 -1466.154 2.000
2396.629 571.881 -3.351 25.740 3491.568 -1436.244 2.000
2416.974 564.261 -10.149 25.745 3535.793 -1443.903 2.000
2437.176 556.726 -16.663 25.750 3526.831 -1436.136 2.000
2456.096 549.618 -22.859 25.755 3530.494 -1446.249 2.000
2474.010 542.280 -32.797 25.760 3530.494 -1446.249 2.000
2493.164 535.036 -39.294 25.765 3433.526 -1425.626 2.000
2511.582 528.122 -45.300 25.770 3440.787 -1445.253 2.000
2531.475 520.496 -52.394 25.775 3496.131 -1466.370 2.000
2550.841 513.026 -59.509 25.780 3385.335 -1422.289 2.000
2569.554 505.740 -66.800 25.785 3286.963 -1387.063 2.000
2587.417 498.781 -73.615 25.790 3278.207 -1392.860 2.000
2603.780 491.774 -83.898 25.795 4391.957 -1420.709 2.000
2621.620 484.769 -90.997 25.800 3237.550 -1392.537 2.000
2639.469 477.733 -98.120 25.805 3173.611 -1386.263 2.000
2657.902 470.451 -105.367 25.810 3204.719 -1394.696 2.000
2675.506 463.346 -113.102 25.815 3130.447 -1363.423 2.000
2691.994 456.708 -120.236 25.820 3187.807 -1391.964 2.000
2709.516 449.601 -128.127 25.825 3129.641 -1393.902 2.000
2726.539 442.360 -135.194 25.830 2996.335 -1431.822 2.000
2741.665 435.132 -146.865 25.835 2996.335 -1431.822 2.000
2758.492 428.314 -154.602 25.840 2918.217 -1397.989 2.000
2775.730 421.180 -162.970 25.845 2930.748 -1395.983 2.000
2792.439 414.241 -171.101 25.850 2918.176 -1370.318 2.000
2807.814 407.188 -179.387 25.855 2917.771 -1418.819 2.000
2824.358 400.260 -187.298 25.860 2848.554 -1372.288 2.000
2840.470 393.358 -195.533 25.866 2766.519 -1316.571 2.000
2854.666 386.692 -206.581 25.871 3993.534 -1293.510 2.000
2870.508 379.947 -215.767 25.876 2770.426 -1294.054 2.000
2886.495 373.501 -224.303 25.881 2718.925 -1327.431 2.000
2902.570 366.500 -233.170 25.886 2761.843 -1324.607 2.000
2917.917 359.846 -241.380 25.891 2803.230 -1338.626 2.000
2933.030 353.143 -249.844 25.896 2732.629 -1320.259 2.000
2948.615 346.975 -258.114 25.901 2597.666 -1352.576 2.000
2957.200 340.303 -280.503 25.906 3067.230 -1324.375 2.000
2976.147 333.602 -280.452 25.911 2495.424 -1325.760 2.000
2992.015 326.493 -289.716 25.916 2502.387 -1327.556 2.000
3006.831 319.727 -298.774 25.921 2520.850 -1332.774 2.000
3021.729 313.004 -307.594 25.926 2494.768 -1331.572 2.000
3035.631 306.614 -316.115 25.931 2477.019 -1352.815 2.000
3049.607 300.104 -324.903 25.936 2429.042 -1358.486 2.000
3063.858 293.522 -333.650 25.941 2339.826 -1347.346 2.000
3075.675 286.717 -347.831 25.946 2339.826 -1347.346 2.000
3089.563 280.609 -355.316 25.951 2267.404 -1269.633 2.000
3103.317 275.194 -360.635 25.956 2105.891 -1088.768 2.000
3115.739 270.810 -363.625 25.961 2038.539 -900.136 2.000
3127.303 266.632 -364.744 25.967 1807.402 -711.808 2.000
3139.369 263.235 -364.664 25.972 1717.169 -482.674 2.000
3150.966 260.423 -362.741 25.977 1661.506 -277.799 2.000
3157.631 258.301 -365.267 25.982 2964.610 -195.683 2.000
3170.118 257.684 -354.093 25.987 1641.094 -138.937 2.000
3179.804 256.977 -346.186 25.992 1591.983 -86.567 2.000
3188.703 256.534 -337.568 25.997 1475.391 -70.957 2.000
3197.236 256.092 -328.627 26.002 1343.371 -51.620 2.000
3204.988 255.644 -319.944 26.007 1211.443 -34.768 2.000
3213.861 255.326 -311.658 26.012 1113.132 -95.245 2.000
3221.108 254.741 -303.202 26.017 1130.346 -117.112 2.000
3226.789 254.152 -297.564 26.022 1130.346 -117.112 2.000
3233.351 253.490 -289.260 26.027 1119.307 -128.237 2.000
3239.230 252.880 -281.163 26.032 1079.443 -130.964 2.000
3245.482 252.023 -273.207 26.037 1074.292 -158.036 2.000
3251.561 251.158 -264.829 26.042 1013.243 -164.281 2.000
3257.157 250.275 -257.022 26.047 927.326 -151.156 2.000
3263.508 249.123 -248.845 26.052 882.551 -157.283 2.000
3268.063 248.219 -241.423 26.057 889.507 -168.699 2.000
3272.557 247.478 -234.068 26.062 874.890 -178.580 2.000
3277.343 246.371 -226.704 26.067 924.423 -215.564 2.000
3281.837 245.320 -219.477 26.072 879.008 -220.788 2.000
3286.217 244.217 -212.190 26.077 757.210 -194.262 2.000
3290.093 243.248 -204.931 26.082 765.407 -221.981 2.000
3293.814 242.213 -197.962 26.087 712.988 -220.244 2.000
3295.628 241.636 -194.826 26.092 641.205 -196.682 2.000
3300.611 240.113 -184.029 26.097 572.067 -184.725 2.000
3303.729 239.116 -177.694 26.102 625.777 -201.293 2.000
3305.506 237.811 -171.039 26.107 436.944 -220.901 2.000
3308.265 236.909 -164.505 26.112 564.154 -254.411 2.000
3311.199 235.769 -158.318 26.118 663.124 -292.930 2.000
3314.152 234.528 -152.566 26.123 656.762 -286.008 2.000
3316.520 233.453 -146.422 26.128 745.797 -317.740 2.000
3320.267 231.857 -139.944 26.133 745.797 -317.740 2.000
3322.721 230.715 -135.015 26.138 751.776 -311.134 2.000
3325.861 229.232 -130.241 26.143 756.676 -305.391 2.000
3327.796 228.072 -125.293 26.148 781.311 -293.669 2.000
3331.842 226.860 -120.879 26.153 600.793 -315.559 2.000
3333.774 225.655 -116.512 26.158 556.792 -296.265 2.000
3335.606 224.586 -111.996 26.163 583.983 -314.975 2.000
3337.464 223.619 -107.722 26.168 -91.878 -20.521 2.000
3340.330 221.875 -101.096 26.173 520.065 -296.831 2.000
3342.118 220.743 -96.912 26.178 586.001 -331.454 2.000
3344.384 219.335 -92.471 26.183 626.173 -359.426 2.000
3345.714 218.318 -88.090 26.188 646.465 -377.461 2.000
3348.465 216.729 -84.503 26.193 739.671 -417.191 2.000
3350.942 215.265 -81.104 26.198 888.018 -473.902 2.000
3358.964 211.509 -70.238 26.203 584.257 -328.611 2.000
3359.572 210.903 -73.149 26.208 1035.920 -516.570 2.000
3363.769 208.652 -70.617 26.213 1267.410 -620.056 2.000
3368.597 206.239 -69.281 26.218 1390.696 -671.102 2.000
3372.794 204.096 -67.800 26.223 1377.984 -660.923 2.000
3376.721 202.148 -66.945 26.228 1240.511 -605.391 2.000
3382.396 199.458 -66.548 26.233 1066.014 -546.107 2.000
3386.723 196.863 -65.648 26.239 1045.766 -624.430 2.000
3392.039 193.688 -61.318 26.244 1045.766 -624.430 2.000
3390.391 194.814 -73.234 26.249 407.223 -259.827 2.000
3386.301 197.079 -89.269 26.254 -343.906 184.259 2.000
3382.283 199.491 -105.039 26.259 -1411.850 774.278 2.000
