647.895 163.368 559.385 17.405 3793.313 823.561 1.000
667.429 167.682 543.689 17.410 3861.470 872.598 1.000
688.196 171.858 524.246 17.416 3697.504 900.176 1.000
1445.956 22.174 231.209 17.421 4948.459 720.256 2.000
1471.164 26.082 217.015 17.426 5069.995 771.978 2.000
1496.814 30.475 202.262 17.431 5109.722 844.255 2.000
1523.452 35.488 186.304 17.436 5047.544 840.892 2.000
1548.070 38.921 171.332 17.441 5165.498 884.978 2.000
1572.383 42.733 156.320 17.446 5123.074 1065.869 2.000
1599.401 47.674 140.143 17.451 5440.841 959.378 2.000
1625.545 52.673 123.597 17.456 5410.337 954.049 2.000
1652.008 57.699 106.620 17.461 5284.123 901.421 2.000
1678.536 62.535 89.408 17.466 5222.128 895.433 2.000
1704.276 67.209 72.601 17.471 5263.214 865.823 2.000
1730.169 71.366 55.036 17.476 5256.694 873.398 2.000
1755.798 75.643 37.981 17.481 4921.627 974.046 2.000
1780.235 80.525 18.218 17.486 5009.488 954.304 2.000
1807.465 85.014 2.701 17.491 5193.828 854.246 2.000
1833.192 89.788 -15.480 17.496 5303.205 861.412 2.000
1858.879 94.256 -33.894 17.501 5252.865 881.381 2.000
1884.919 98.685 -52.996 17.506 5213.538 870.196 2.000
1910.374 102.777 -72.021 17.511 5186.928 846.768 2.000
1936.202 107.285 -91.195 17.516 4802.995 973.723 2.000
1961.952 111.804 -110.352 17.521 4782.659 960.691 2.000
1987.483 116.286 -130.073 17.526 5284.704 813.997 2.000
2013.386 120.828 -150.192 17.531 5242.789 835.626 2.000
2039.018 125.203 -170.702 17.536 5203.190 811.734 2.000
2064.545 129.314 -191.671 17.541 5318.919 806.758 2.000
2090.432 133.383 -213.382 17.546 5259.875 815.723 2.000
2118.171 137.624 -229.082 17.551 5079.917 943.230 2.000
2142.847 142.025 -249.870 17.556 4733.971 867.441 2.000
2166.470 147.106 -264.261 17.561 5117.937 866.511 2.000
2188.519 150.856 -272.208 17.566 4761.990 868.492 2.000
2209.841 154.390 -277.183 17.571 4309.583 772.034 2.000
2230.605 157.361 -279.273 17.576 3823.666 679.730 2.000
2250.161 160.707 -276.843 17.581 3308.103 567.709 2.000
2267.312 164.032 -269.086 17.586 3039.843 444.626 2.000
2285.038 167.040 -251.470 17.591 2374.596 485.825 2.000
2297.967 169.075 -235.643 17.596 2895.819 355.281 2.000
2311.562 171.268 -218.549 17.601 2838.324 400.281 2.000
2324.648 173.516 -201.574 17.606 2842.919 406.924 2.000
2338.093 175.451 -185.205 17.611 2788.475 417.500 2.000
2351.512 177.848 -169.112 17.616 2763.812 459.136 2.000
2364.809 180.401 -153.424 17.621 2793.441 457.316 2.000
2379.582 182.522 -136.334 17.626 2367.366 552.975 2.000
2391.578 185.389 -124.796 17.632 2669.304 499.158 2.000
2406.338 187.460 -108.400 17.636 2790.743 440.819 2.000
2419.238 189.779 -94.042 17.642 2832.055 429.900 2.000
2432.677 192.271 -79.979 17.647 2809.991 482.367 2.000
2445.924 194.391 -66.276 17.652 2779.413 425.666 2.000
2459.261 197.095 -53.104 17.657 2727.730 409.376 2.000
2473.572 198.964 -38.549 17.662 2407.975 490.425 2.000
2487.089 201.202 -25.570 17.667 2410.917 520.339 2.000
2499.497 203.647 -14.493 17.672 2668.854 448.532 2.000
2513.038 205.763 -2.709 17.677 2681.700 405.078 2.000
2525.527 207.932 9.728 17.682 2679.852 403.741 2.000
2538.929 210.168 21.401 17.687 2747.343 370.816 2.000
2552.422 211.818 32.790 17.692 2802.668 394.995 2.000
2567.387 213.978 44.598 17.697 2572.259 456.513 2.000
2580.928 216.219 55.479 17.702 2697.461 457.663 2.000
2594.486 218.549 64.611 17.707 2868.620 406.121 2.000
2608.314 220.698 74.225 17.712 2824.301 425.326 2.000
2621.992 222.812 83.698 17.717 2802.792 485.808 2.000
2634.892 225.256 92.969 17.722 2746.394 476.437 2.000
2649.571 227.462 101.180 17.727 2724.660 476.981 2.000
2662.700 229.978 109.906 17.732 2650.465 478.077 2.000
2676.405 232.294 119.224 17.737 2420.283 483.991 2.000
2688.942 234.543 126.624 17.742 2606.029 418.919 2.000
2702.385 236.550 134.202 17.747 2662.715 368.561 2.000
2715.451 238.832 142.384 17.752 2683.199 402.158 2.000
2728.561 241.339 149.398 17.757 2685.327 436.685 2.000
2741.898 243.413 156.496 17.762 2718.600 448.510 2.000
2756.272 245.536 163.220 17.767 2747.284 438.239 2.000
2769.849 247.496 170.320 17.772 2726.766 513.455 2.000
2784.164 249.812 175.557 17.777 2967.976 414.695 2.000
2798.494 251.555 180.899 17.782 2935.299 414.101 2.000
2812.698 253.874 185.940 17.787 2878.029 396.737 2.000
2825.589 256.328 191.449 17.792 2815.477 345.460 2.000
2839.913 258.248 195.851 17.797 2784.755 352.602 2.000
2854.368 259.948 200.039 17.802 2683.990 421.797 2.000
2868.051 262.037 204.863 17.807 2561.195 427.201 2.000
2881.890 263.843 208.763 17.812 2522.277 444.542 2.000
2894.737 265.990 212.089 17.817 2565.206 430.205 2.000
2907.493 268.138 215.653 17.822 2678.338 418.722 2.000
2920.421 270.556 218.490 17.827 2676.382 417.766 2.000
2933.249 272.536 221.003 17.832 2668.507 406.824 2.000
2946.621 274.587 222.851 17.837 2674.250 407.365 2.000
2960.105 276.593 225.539 17.842 2592.733 398.768 2.000
2973.333 278.483 227.791 17.847 2645.822 369.786 2.000
3685.407 376.235 -83.433 18.116 2771.600 320.392 2.000
3698.991 377.850 -96.086 18.121 2414.677 367.510 2.000
3711.340 379.501 -110.095 18.126 2394.184 348.256 2.000
3725.553 380.469 -122.377 18.131 2680.249 250.058 2.000
3738.570 381.929 -137.367 18.136 2801.920 224.577 2.000
3752.795 383.723 -152.389 18.141 2735.192 181.305 2.000
3765.007 384.903 -167.335 18.146 2705.355 166.442 2.000
3776.936 386.229 -182.372 18.151 2666.051 238.535 2.000
3790.199 387.673 -197.554 18.156 2399.971 358.613 2.000
3802.970 388.645 -212.597 18.161 2355.058 368.067 2.000
3816.398 389.964 -229.077 18.166 2625.218 267.876 2.000
3829.559 391.356 -245.941 18.171 2498.088 272.981 2.000
3841.465 393.061 -259.493 18.176 2462.452 255.380 2.000
3853.208 394.395 -269.337 18.181 2635.851 174.116 2.000
3865.616 395.329 -274.155 18.186 2615.555 146.743 2.000
3878.912 396.125 -275.581 18.191 2663.193 165.714 2.000
