732.387 354.673 527.918 58.483 -4545.181 681.162 2.000
709.411 358.008 515.660 58.488 -4559.328 655.533 2.000
687.153 360.928 503.548 58.493 -4483.981 613.765 2.000
664.808 364.838 491.635 58.498 -4383.535 497.036 2.000
643.100 367.489 479.738 58.503 -4330.041 515.491 2.000
622.252 369.808 468.014 58.508 -4197.914 485.924 2.000
600.295 371.458 454.986 58.513 -4002.389 431.412 2.000
579.240 374.274 442.816 58.518 -4077.374 487.394 2.000
558.201 376.345 430.661 58.523 -4056.291 467.859 2.000
537.902 378.713 418.715 58.528 -4105.330 434.722 2.000
517.893 380.850 406.460 58.533 -4074.951 383.215 2.000
497.456 383.371 393.840 58.538 -4050.855 409.815 2.000
477.164 385.560 381.120 58.543 -4077.002 473.749 2.000
456.889 387.408 368.014 58.548 -4105.280 515.090 2.000
435.928 390.221 354.432 58.553 -4129.881 539.696 2.000
414.198 392.946 340.069 58.558 -3993.358 495.408 2.000
394.245 395.505 326.559 58.563 -3971.754 492.215 2.000
374.246 397.939 312.724 58.568 -4124.421 579.527 2.000
353.575 400.795 298.032 58.573 -4170.746 565.503 2.000
332.610 403.924 283.320 58.578 -4176.830 522.897 2.000
311.659 406.418 268.175 58.583 -4152.004 527.214 2.000
291.282 408.975 252.660 58.588 -4120.059 537.154 2.000
270.311 411.671 237.179 58.593 -4052.733 517.679 2.000
250.011 414.264 221.697 58.598 -4050.141 504.595 2.000
230.371 416.806 206.279 58.603 -4038.586 507.401 2.000
209.388 419.751 190.052 58.608 -3953.226 525.382 2.000
189.200 422.247 173.817 58.613 -3953.371 548.541 2.000
168.951 424.936 157.155 58.619 -3964.909 547.399 2.000
149.275 427.629 140.876 58.624 -4009.456 559.894 2.000
129.619 430.204 124.263 58.629 -3978.181 550.849 2.000
109.908 433.065 107.509 58.634 -3968.543 544.096 2.000
90.152 435.725 90.627 58.639 -3903.552 546.952 2.000
70.147 438.633 75.459 58.644 -3915.302 536.625 2.000
50.900 441.169 63.426 58.649 -3780.694 516.633 2.000
32.652 443.075 53.633 58.654 -3552.778 520.356 2.000
15.319 445.152 46.637 58.659 -3269.866 477.022 2.000
-1.373 447.814 44.863 58.664 -3117.604 244.067 2.000
-16.249 449.308 46.594 58.669 -2963.054 426.670 2.000
-31.001 451.190 49.981 58.674 -2709.929 413.107 2.000
-45.522 453.207 57.074 58.679 -2448.547 383.935 2.000
-58.842 455.112 68.946 58.684 -2276.594 363.307 2.000
-70.514 456.719 82.947 58.689 -2301.690 338.391 2.000
-81.757 458.294 96.405 58.694 -2317.289 317.008 2.000
-93.536 459.947 109.526 58.699 -2349.012 332.172 2.000
-105.087 461.696 122.222 58.704 -2340.384 319.076 2.000
-116.877 463.215 134.663 58.709 -2363.092 289.836 2.000
-128.570 464.841 146.635 58.714 -2327.592 262.768 2.000
-140.071 466.200 159.078 58.719 -2294.202 265.098 2.000
-151.706 467.667 170.790 58.724 -2272.727 307.091 2.000
-163.382 468.934 181.703 58.729 -2263.011 319.957 2.000
-174.545 470.471 192.425 58.734 -2261.052 310.515 2.000
-186.096 472.253 203.115 58.739 -2242.829 304.946 2.000
-197.563 473.656 213.398 58.744 -2255.263 287.056 2.000
-208.937 475.045 223.413 58.749 -2259.314 309.841 2.000
-220.103 476.884 233.355 58.754 -2293.319 328.104 2.000
-231.603 478.478 243.224 58.759 -2308.602 317.185 2.000
-242.936 480.086 252.299 58.764 -2251.974 302.252 2.000
-253.820 481.394 261.289 58.769 -2236.600 292.811 2.000
-265.472 482.750 270.001 58.774 -2216.959 294.196 2.000
-276.413 484.303 278.675 58.779 -2198.943 292.130 2.000
-287.875 485.749 286.763 58.784 -2172.914 268.509 2.000
-298.965 487.433 295.292 58.789 -2213.438 274.808 2.000
-310.486 489.064 302.941 58.794 -2268.136 288.353 2.000
-321.565 490.329 310.584 58.799 -2261.221 333.358 2.000
-332.231 491.766 317.928 58.804 -2261.921 321.136 2.000
-343.340 493.302 324.419 58.809 -2254.848 325.531 2.000
-354.590 494.983 330.968 58.814 -2191.118 343.393 2.000
-365.631 496.693 337.247 58.819 -2162.298 309.542 2.000
-376.889 498.341 343.470 58.824 -2115.182 331.101 2.000
-387.779 500.037 349.402 58.829 -2091.139 296.937 2.000
-398.694 501.511 354.585 58.834 -2138.274 293.543 2.000
-409.191 502.769 360.167 58.839 -2286.429 242.031 2.000
-420.450 503.949 364.865 58.844 -2297.813 255.065 2.000
-431.837 505.293 369.400 58.850 -2311.198 242.236 2.000
-443.423 506.484 373.687 58.855 -2382.653 174.773 2.000
-455.366 507.618 378.096 58.860 -2400.356 183.805 2.000
-466.904 509.074 381.951 58.865 -2376.153 217.498 2.000
-478.746 509.872 385.275 58.870 -2359.693 233.323 2.000
-491.065 510.917 388.226 58.875 -2337.209 245.162 2.000
-502.335 511.934 391.226 58.880 -2321.667 242.655 2.000
-513.669 513.530 394.057 58.885 -2169.187 304.358 2.000
-524.526 515.030 396.585 58.890 -2192.020 291.465 2.000
-535.373 516.707 398.921 58.895 -2030.360 369.558 2.000
-546.055 518.325 401.164 58.900 -2081.822 302.736 2.000
-557.059 519.655 402.222 58.905 -2199.029 247.564 2.000
-567.722 520.668 403.363 58.910 -2184.018 246.548 2.000
-578.242 522.304 404.955 58.915 -2045.141 290.203 2.000
-602.642 518.060 404.486 58.920 -3884.404 -444.603 2.000
-612.493 519.677 406.294 58.925 -3506.695 -301.042 2.000
-624.419 521.086 405.698 58.930 -2999.526 -67.619 2.000
-635.033 522.418 406.229 58.935 -2447.580 180.521 2.000
-648.745 522.470 405.681 58.940 -1881.897 452.031 2.000
-667.615 520.515 405.362 58.945 -2830.093 13.449 2.000
-681.450 520.530 404.598 58.950 -2788.140 35.496 2.000
-691.387 522.738 404.999 58.955 -1884.466 375.239 2.000
-703.948 523.428 402.985 58.960 -918.822 760.015 2.000
-696.938 532.163 403.368 58.965 -2159.060 213.677 2.000
-714.989 530.624 402.614 58.970 -3021.956 -119.214 2.000
-726.122 531.481 401.093 58.975 -2296.200 219.586 2.000
-737.260 532.467 399.165 58.980 -2252.666 225.082 2.000
-747.157 533.825 397.412 58.985 -1398.346 588.267 2.000
-755.743 536.537 397.455 58.990 -279.848 1015.595 2.000
-752.373 543.586 395.095 58.995 -1601.939 485.785 2.000
-764.904 544.616 392.358 59.000 -1483.978 535.034 2.000
-775.107 545.832 389.300 59.005 -1204.114 656.248 2.000
-781.344 549.081 387.080 59.010 -1168.133 658.187 2.000
-781.632 554.294 383.683 59.015 -2111.751 242.404 2.000
-792.105 555.464 379.847 59.020 -2105.953 254.099 2.000
-802.258 557.316 376.365 59.025 -2080.491 242.945 2.000
-811.416 559.023 371.965 59.030 -2127.107 225.323 2.000
-823.491 559.414 365.565 59.035 -1590.040 375.276 2.000
-831.641 561.368 361.620 59.040 -1405.135 455.716 2.000
-838.827 563.607 357.280 59.045 -1694.868 380.291 2.000
-847.595 565.613 352.100 59.050 -1693.824 394.317 2.000
-856.883 567.040 346.250 59.055 -1919.732 323.436 2.000
-866.700 568.776 340.006 59.060 -1896.325 316.209 2.000
-875.710 570.762 335.072 59.065 -1878.923 345.858 2.000
-884.523 572.674 329.759 59.070 -1900.028 352.261 2.000
-893.356 574.549 322.850 59.075 -2002.723 354.318 2.000
-903.250 576.159 316.647 59.080 -1909.689 329.988 2.000
-914.616 576.759 308.591 59.085 -1733.338 322.896 2.000
-924.091 578.614 301.990 59.090 -1845.012 300.242 2.000
-933.370 580.047 294.710 59.095 -1841.492 303.538 2.000
-942.667 581.834 287.025 59.100 -2138.286 187.724 2.000
-952.468 583.158 279.373 59.105 -2153.560 177.044 2.000
-964.163 584.038 270.022 59.110 -2281.790 156.959 2.000
-975.540 584.886 260.230 59.115 -2359.098 181.908 2.000
-986.301 585.625 252.106 59.120 -2343.885 197.733 2.000
-998.022 586.567 243.095 59.126 -2251.448 233.975 2.000
-1009.484 587.872 233.428 59.131 -2139.098 183.575 2.000
-1019.497 588.877 224.609 59.136 -2078.372 214.152 2.000
-1029.911 589.952 215.001 59.141 -1980.889 245.283 2.000
-1039.326 591.145 205.456 59.146 -1850.528 219.052 2.000
-1050.311 591.866 195.386 59.151 -1739.304 230.724 2.000
-1059.218 593.243 185.125 59.156 -1814.193 221.055 2.000
-1068.561 594.480 174.755 59.161 -1880.272 266.434 2.000
-1076.009 596.550 166.011 59.166 -1701.629 327.308 2.000
-1083.408 598.342 157.093 59.171 -1600.183 411.399 2.000
-1091.724 600.333 147.844 59.176 -1527.759 444.208 2.000
-1100.670 601.564 136.492 59.181 -1597.490 372.435 2.000
-1109.571 602.892 125.727 59.186 -1720.101 327.668 2.000
-1118.579 604.754 114.490 59.191 -1672.918 323.496 2.000
-1129.248 605.803 103.007 59.196 -1842.117 236.213 2.000
-1137.122 607.562 92.804 59.201 -1987.243 194.432 2.000
-1142.711 608.154 84.856 59.206 -1881.661 36.139 2.000
-1151.350 607.973 74.318 59.211 -1776.141 -0.151 2.000
-1160.515 608.083 64.495 59.216 -1664.186 -45.742 2.000
-1168.835 607.810 54.854 59.221 -1491.447 -51.921 2.000
-1175.545 607.864 47.873 59.226 -1240.176 50.869 2.000
896.599 217.168 500.719 61.872 -4125.224 -1216.537 1.000
875.694 211.166 488.748 61.877 -4148.552 -1201.708 1.000
854.456 205.465 476.680 61.882 -4064.310 -1181.177 1.000
833.790 199.982 465.625 61.887 -4195.949 -1081.246 1.000
813.214 194.067 453.023 61.893 -4100.215 -1058.697 1.000
793.371 188.333 441.100 61.897 -4169.354 -1079.042 1.000
771.953 182.804 429.015 61.903 -4060.189 -1095.559 1.000
752.038 177.540 416.728 61.908 -4071.839 -1089.100 1.000
731.825 171.904 404.034 61.913 -4041.111 -1103.661 1.000
710.766 166.308 392.206 61.918 -3903.154 -1108.112 1.000
691.729 161.432 379.290 61.923 -3857.989 -1120.041 1.000
671.670 156.045 366.847 61.928 -3791.383 -1111.515 1.000
653.240 149.659 351.890 61.933 -3875.114 -1054.964 1.000
632.951 144.099 337.831 61.938 -3810.174 -1044.402 1.000
614.159 138.961 323.986 61.943 -3831.779 -1048.385 1.000
594.775 133.717 309.896 61.948 -3828.885 -1055.913 1.000
575.620 128.611 295.629 61.953 -3823.168 -1048.646 1.000
543.092 131.151 275.558 61.958 -3965.919 -987.113 2.000
523.261 126.155 260.212 61.963 -3961.395 -1000.666 2.000
503.324 121.258 244.441 61.968 -3892.839 -1035.097 2.000
484.355 115.814 229.580 61.973 -3900.744 -1031.474 2.000
464.822 110.730 214.077 61.978 -3833.751 -1000.814 2.000
445.364 105.901 198.316 61.983 -3797.948 -1002.863 2.000
425.924 100.995 182.123 61.988 -3817.543 -998.053 2.000
406.408 95.678 165.626 61.993 -3828.867 -1013.162 2.000
386.889 90.543 149.099 61.998 -3777.477 -1012.784 2.000
368.431 85.458 132.893 62.003 -3774.446 -993.840 2.000
349.877 80.386 116.230 62.008 -3775.918 -991.369 2.000
330.372 75.094 99.569 62.013 -3847.477 -1094.141 2.000
311.448 70.272 83.825 62.018 -3819.038 -1024.712 2.000
292.667 64.654 68.951 62.023 -3746.048 -1107.751 2.000
278.559 60.803 58.772 62.028 -3131.448 -885.488 2.000
261.796 55.911 51.253 62.033 -3123.683 -1036.904 2.000
244.701 50.602 46.687 62.038 -2999.349 -1102.918 2.000
228.091 46.022 46.192 62.043 -2966.011 -1137.000 2.000
224.786 34.171 49.226 62.048 -2661.666 -613.060 1.000
211.601 31.672 59.018 62.053 -2478.895 -607.740 1.000
198.412 28.237 69.829 62.058 -2388.774 -532.831 1.000
186.812 25.932 82.696 62.063 -2138.227 -433.169 1.000
176.949 24.259 96.247 62.068 -1817.690 -226.809 1.000
167.878 23.149 109.356 62.073 -1824.863 -242.572 1.000
158.425 21.916 122.591 62.078 -1665.718 -171.879 1.000
150.210 21.413 134.622 62.083 -1472.311 -82.673 1.000
1027.845 650.031 801.475 65.919 -2528.054 -1661.752 2.000
1015.219 641.732 795.285 65.924 -2528.054 -1661.752 2.000
1002.151 633.829 790.329 65.929 -2537.465 -1568.989 2.000
989.363 626.167 786.178 65.934 -2543.898 -1538.886 2.000
974.377 617.867 783.337 65.939 -2347.749 -1458.849 2.000
961.589 610.776 781.142 65.944 -2305.734 -1488.304 2.000
949.075 603.623 778.408 65.949 -2260.100 -1477.197 2.000
936.564 596.478 775.836 65.954 -2168.350 -1439.792 2.000
925.696 589.261 770.993 65.959 -2168.350 -1439.792 2.000
913.800 582.343 768.260 65.964 -2119.210 -1427.674 2.000
901.948 575.382 765.345 65.969 -2108.385 -1417.487 2.000
890.199 568.119 762.590 65.974 -2103.237 -1388.917 2.000
878.276 561.030 759.624 65.979 -2050.194 -1393.131 2.000
867.074 554.297 756.695 65.984 -2058.709 -1403.226 2.000
856.157 547.678 753.735 65.989 -2040.860 -1410.642 2.000
845.954 540.625 748.500 65.994 -2040.860 -1410.642 2.000
835.177 533.955 745.299 65.999 -1987.297 -1394.136 2.000
824.138 527.030 741.802 66.004 -1953.594 -1371.297 2.000
813.319 520.210 738.311 66.009 -1897.631 -1349.096 2.000
802.460 513.623 734.805 66.014 -1853.797 -1308.615 2.000
792.169 507.007 731.178 66.019 -1821.027 -1303.430 2.000
782.183 500.608 727.719 66.025 -1804.223 -1313.725 2.000
773.109 494.001 722.080 66.030 -1804.223 -1313.725 2.000
763.291 487.562 718.467 66.035 -1801.143 -1317.938 2.000
753.484 481.062 714.636 66.040 -1773.370 -1311.318 2.000
743.557 474.517 710.782 66.045 -1726.087 -1303.389 2.000
733.674 468.308 706.968 66.050 -1708.813 -1294.982 2.000
724.064 461.937 703.090 66.055 -1679.501 -1314.407 2.000
715.040 455.355 699.340 66.060 -1663.339 -1282.115 2.000
706.718 448.940 693.438 66.065 -1663.339 -1282.115 2.000
697.166 442.454 689.538 66.070 -1678.640 -1304.039 2.000
686.106 436.279 688.727 66.075 -2741.038 -1156.315 2.000
670.487 430.798 696.904 66.080 -3341.495 -1075.470 2.000
654.421 425.346 705.820 66.085 -3866.779 -1011.076 2.000
595.126 511.956 454.351 66.090 -3836.689 359.697 1.000
574.999 513.840 442.478 66.095 -3837.163 337.830 1.000
554.788 516.100 431.459 66.100 -3878.762 355.116 1.000
535.375 517.762 418.950 66.105 -3846.139 360.295 1.000
516.031 519.519 406.335 66.110 -3850.531 363.580 1.000
497.755 520.911 393.262 66.115 -3820.123 335.605 1.000
478.470 522.622 380.291 66.120 -3831.355 332.122 1.000
459.713 524.386 366.891 66.125 -3829.743 359.422 1.000
440.535 526.243 353.001 66.130 -3786.487 347.638 1.000
420.164 528.148 339.896 66.135 -3731.481 333.409 1.000
401.503 530.120 325.990 66.140 -3710.833 329.562 1.000
382.711 531.660 311.938 66.145 -3712.195 345.384 1.000
589.005 358.514 620.461 66.150 -1638.184 -1937.902 2.000
577.385 349.429 613.815 66.155 -2617.618 -1752.792 2.000
566.680 341.726 608.212 66.160 -2390.107 -1602.008 2.000
554.485 330.549 596.234 66.165 -1743.591 -1044.693 2.000
548.579 325.149 590.642 66.170 -1737.269 -1055.177 2.000
540.045 319.794 589.316 66.175 -372.328 -1286.074 2.000
532.814 314.234 585.474 66.180 -289.627 -1291.627 2.000
525.622 308.673 581.511 66.185 -212.342 -1285.277 2.000
521.944 302.913 571.499 66.190 -1574.749 -1027.013 2.000
516.317 297.424 565.693 66.195 -1522.235 -989.073 2.000
510.990 292.018 559.598 66.200 -1500.434 -984.133 2.000
506.401 286.476 553.894 66.205 -1505.692 -942.076 2.000
499.165 281.507 552.458 66.210 -26.008 -1256.319 2.000
492.668 276.461 548.993 66.215 -6.766 -1229.774 2.000
486.085 271.948 546.581 66.220 -36.941 -1120.803 2.000
483.207 266.933 537.635 66.225 -1573.394 -794.036 2.000
477.966 263.426 534.635 66.230 -1690.053 -607.309 2.000
472.840 260.222 532.715 66.235 -1726.701 -425.340 2.000
467.208 257.195 531.488 66.240 -1742.801 -252.251 2.000
457.263 256.278 539.711 66.245 -282.017 -368.640 2.000
449.934 254.756 543.688 66.250 -302.678 -245.612 2.000
442.927 254.199 549.258 66.255 -320.251 -197.089 2.000
436.164 254.222 555.909 66.260 -315.505 -196.119 2.000
435.815 252.571 551.444 66.265 -1519.246 -5.803 2.000
430.170 252.274 555.793 66.270 -1472.724 -41.981 2.000
424.857 251.692 560.972 66.275 -1447.260 -31.697 2.000
415.559 251.971 572.450 66.280 -378.089 -209.812 2.000
409.663 251.758 578.664 66.285 -439.565 -222.998 2.000
403.486 251.117 584.433 66.291 -432.420 -188.925 2.000
397.841 250.625 590.225 66.296 -470.552 -194.202 2.000
396.523 249.236 587.457 66.301 -1329.113 -91.019 2.000
391.704 248.605 591.884 66.306 -1273.923 -89.871 2.000
386.150 248.046 596.055 66.311 -1178.031 -119.063 2.000
376.988 247.896 609.635 66.316 -700.406 -173.153 2.000
373.361 246.970 611.348 66.321 -470.923 -188.879 2.000
368.542 246.209 616.348 66.326 -547.169 -217.260 2.000
363.486 245.574 621.151 66.331 -609.494 -199.947 2.000
361.554 244.263 619.918 66.336 -1109.632 -177.639 2.000
356.990 243.197 623.893 66.341 -1055.216 -193.206 2.000
352.763 242.359 628.110 66.346 -988.703 -202.138 2.000
348.395 241.178 632.366 66.351 -884.266 -229.892 2.000
342.627 240.239 640.661 66.356 -515.922 -232.663 2.000
338.145 239.050 644.843 66.361 -519.125 -220.693 2.000
334.288 238.067 648.736 66.366 -495.237 -207.773 2.000
332.451 237.133 648.783 66.371 -732.528 -206.176 2.000
329.310 235.962 652.819 66.376 -764.323 -192.802 2.000
325.652 234.820 656.382 66.381 -756.092 -197.305 2.000
322.101 233.722 660.110 66.386 -778.665 -222.870 2.000
317.107 232.624 666.334 66.391 -657.068 -218.810 2.000
313.773 231.511 669.731 66.396 -714.161 -230.541 2.000
309.616 230.576 672.506 66.401 -721.074 -241.062 2.000
306.876 229.345 674.264 66.406 -768.457 -239.826 2.000
303.889 228.188 676.681 66.411 -689.969 -252.071 2.000
300.097 226.669 679.614 66.416 -674.149 -266.439 2.000
296.926 225.511 682.693 66.421 -591.551 -238.165 2.000
293.051 224.219 687.621 66.426 -654.211 -236.736 2.000
290.151 222.942 690.119 66.431 -689.450 -281.901 2.000
286.926 221.481 692.411 66.436 -708.187 -309.338 2.000
284.175 220.199 694.348 66.441 -688.008 -318.341 2.000
281.687 218.639 696.341 66.446 -529.701 -275.531 2.000
278.319 216.956 698.430 66.451 -594.661 -340.084 2.000
275.021 215.282 700.311 66.456 -599.383 -344.188 2.000
271.578 213.637 703.243 66.461 -908.465 -436.894 2.000
268.153 211.660 704.266 66.466 -895.008 -411.346 2.000
264.910 209.794 705.214 66.471 -833.737 -357.382 2.000
261.823 208.393 706.113 66.476 -832.145 -313.902 2.000
258.837 206.861 708.051 66.481 -512.732 -277.939 2.000
255.578 205.160 709.697 66.486 -505.029 -291.192 2.000
252.088 203.187 710.858 66.491 -454.381 -268.574 2.000
249.154 201.755 712.722 66.496 -462.792 -305.440 2.000
246.612 200.168 713.525 66.501 -778.660 -339.783 2.000
244.719 199.066 714.339 66.506 -808.637 -371.030 2.000
242.633 197.789 714.687 66.511 -773.784 -356.494 2.000
239.478 196.259 716.871 66.516 -379.203 -299.064 2.000
236.892 194.324 717.999 66.521 -389.469 -262.197 2.000
233.578 192.424 718.826 66.526 -391.148 -274.038 2.000
230.761 190.776 719.787 66.532 -430.669 -308.972 2.000
228.508 189.215 719.660 66.537 -902.828 -417.884 2.000
226.410 187.820 719.535 66.542 -965.007 -459.415 2.000
223.808 186.083 719.250 66.547 -970.395 -464.746 2.000
219.860 183.947 721.185 66.552 -533.695 -382.947 2.000
216.641 181.933 721.367 66.557 -556.286 -404.359 2.000
212.934 179.604 721.351 66.562 -485.052 -376.067 2.000
209.778 177.632 721.683 66.567 -408.672 -330.002 2.000
207.554 175.891 719.945 66.572 -891.518 -427.779 2.000
205.295 174.174 718.594 66.577 -878.013 -432.179 2.000
202.729 172.332 717.167 66.582 -905.533 -452.337 2.000
198.652 170.400 718.365 66.587 -472.412 -336.566 2.000
195.407 168.177 717.395 66.592 -494.486 -376.212 2.000
192.014 165.952 716.450 66.597 -484.513 -392.443 2.000
189.165 164.145 716.047 66.602 -493.442 -390.870 2.000
186.727 162.249 713.309 66.607 -1053.055 -531.486 2.000
183.958 160.170 711.128 66.612 -945.933 -470.510 2.000
181.050 158.035 708.983 66.617 -938.323 -479.257 2.000
177.879 155.833 706.884 66.622 -888.949 -466.991 2.000
173.745 153.681 708.941 66.627 -392.115 -379.559 2.000
170.874 151.198 707.880 66.632 -449.791 -373.408 2.000
168.013 149.413 707.043 66.637 -411.408 -372.179 2.000
168.017 148.159 699.319 66.642 -641.310 -415.826 2.000
163.617 145.801 701.185 66.647 -825.075 -418.831 2.000
162.114 144.484 698.958 66.652 -803.662 -396.357 2.000
159.044 142.168 696.111 66.657 -764.506 -368.498 2.000
155.641 140.379 697.788 66.662 -295.783 -280.646 2.000
153.351 138.776 696.281 66.667 -272.528 -272.122 2.000
150.500 137.084 694.651 66.672 -342.082 -268.074 2.000
148.193 135.490 693.129 66.677 -437.175 -349.975 2.000
146.744 134.089 688.535 66.682 -905.349 -438.307 2.000
144.641 132.395 686.052 66.687 -869.025 -436.392 2.000
140.071 129.030 683.028 66.692 -1505.733 -875.153 2.000
132.893 124.731 683.123 66.697 -1062.600 -801.118 2.000
129.695 122.495 680.923 66.702 -859.336 -687.882 2.000
124.049 118.763 678.966 66.707 -1087.630 -852.477 2.000
121.063 116.699 676.902 66.712 -705.799 -625.182 2.000
119.981 115.028 672.230 66.717 -702.187 -405.566 2.000
117.822 113.112 671.306 66.722 -294.216 -305.868 2.000
117.175 112.523 669.702 66.727 81.208 -54.144 2.000
114.328 110.351 666.528 66.732 335.183 99.631 2.000
111.467 108.333 664.354 66.737 683.937 320.651 2.000
115.833 110.712 661.775 66.742 210.850 -9.904 2.000
114.318 109.524 658.467 66.747 248.254 42.138 2.000
116.681 110.636 655.205 66.752 -996.649 -533.050 2.000
116.457 109.379 651.375 66.757 -857.479 -543.118 2.000
114.190 107.142 646.152 66.762 -664.862 -432.739 2.000
110.442 105.249 647.395 66.767 -385.484 -357.450 2.000
108.455 103.071 641.701 66.772 -168.861 -266.890 2.000
107.408 101.963 638.925 66.778 -144.299 -263.575 2.000
105.704 100.207 634.687 66.783 -133.317 -245.168 2.000
104.069 98.199 628.712 66.788 -359.407 -296.473 2.000
101.427 95.987 625.192 66.793 -306.392 -286.538 2.000
104.129 96.139 617.143 66.798 -745.724 -473.076 2.000
100.042 93.805 615.177 66.803 -520.555 -477.263 2.000
97.704 91.511 610.359 66.808 -477.272 -501.970 2.000
94.768 88.900 606.217 66.813 -321.955 -490.796 2.000
92.098 86.265 601.017 66.818 -347.318 -513.864 2.000
1068.545 633.118 736.495 70.956 -4499.118 -2166.052 2.000
1047.091 621.961 734.064 70.961 -3118.780 -2521.583 2.000
1029.070 610.150 725.681 70.966 -3212.506 -2446.441 2.000
1004.737 599.611 728.065 70.971 -4145.445 -2217.465 2.000
985.353 587.700 721.380 70.976 -3841.615 -2062.595 2.000
968.102 577.092 715.446 70.981 -3823.321 -2076.527 2.000
951.020 566.370 709.225 70.986 -3785.140 -2088.285 2.000
933.427 555.309 702.486 70.991 -3744.557 -2046.797 2.000
912.001 545.530 703.179 70.996 -1995.444 -2489.897 2.000
893.638 534.553 698.450 71.001 -1957.564 -2491.636 2.000
885.709 521.240 675.330 71.006 -2886.123 -2262.377 2.000
863.958 511.926 678.789 71.011 -3700.497 -2114.770 2.000
848.195 501.380 672.592 71.016 -3575.810 -2108.501 2.000
831.822 490.523 665.652 71.021 -3491.919 -2071.549 2.000
815.961 479.939 658.909 71.026 -3359.203 -2019.632 2.000
796.788 469.857 657.979 71.031 -1612.718 -2413.834 2.000
780.015 459.257 653.384 71.036 -1564.515 -2426.451 2.000
763.740 449.128 649.301 71.041 -1571.131 -2393.368 2.000
752.964 437.778 634.632 71.046 -3297.694 -1968.280 2.000
738.335 427.794 628.217 71.051 -3280.829 -1963.443 2.000
723.943 417.688 621.286 71.056 -3314.653 -1976.709 2.000
708.700 407.608 614.267 71.061 -3148.886 -1940.020 2.000
691.551 398.045 611.815 71.066 -1450.909 -2328.212 2.000
675.765 388.025 606.896 71.071 -1350.862 -2259.442 2.000
660.383 378.396 602.542 71.076 -1313.371 -2262.247 2.000
650.372 367.963 588.357 71.081 -2988.626 -1875.044 2.000
637.098 358.330 581.365 71.086 -2958.265 -1869.105 2.000
623.640 348.465 574.107 71.091 -2967.911 -1886.271 2.000
609.879 338.444 566.673 71.096 -2909.905 -1904.583 2.000
588.179 330.467 574.684 71.102 -2187.690 -2118.770 2.000
580.074 319.251 557.898 71.107 -1204.439 -2330.180 2.000
565.925 309.660 553.412 71.112 -1143.454 -2373.873 2.000
556.014 298.947 539.438 71.117 -2905.513 -1935.268 2.000
543.135 289.090 531.793 71.122 -2841.525 -1888.752 2.000
530.503 279.301 524.138 71.127 -2824.266 -1879.961 2.000
517.906 269.538 516.618 71.132 -2674.289 -1813.753 2.000
505.649 259.799 508.884 71.137 -2681.067 -1814.284 2.000
490.466 250.821 506.642 71.142 -892.188 -2271.079 2.000
477.162 241.792 501.863 71.147 -864.969 -2285.980 2.000
468.343 231.542 488.325 71.152 -2722.859 -1801.382 2.000
456.697 222.463 480.383 71.157 -2597.513 -1783.595 2.000
445.661 213.265 472.849 71.162 -2551.746 -1761.038 2.000
434.354 203.969 465.232 71.167 -2457.944 -1742.731 2.000
423.535 194.588 457.539 71.172 -2427.056 -1784.270 2.000
409.585 185.487 454.879 71.177 -456.839 -2254.920 2.000
397.409 177.067 450.121 71.182 -404.696 -2251.617 2.000
389.627 167.631 436.610 71.187 -2440.796 -1677.060 2.000
379.469 158.702 428.871 71.192 -2435.637 -1676.640 2.000
369.734 149.941 421.142 71.197 -2410.033 -1665.192 2.000
359.658 141.099 413.598 71.202 -2262.876 -1631.528 2.000
349.753 132.673 406.185 71.207 -4239.318 -1068.248 2.000
337.384 123.945 402.907 71.212 -96.413 -2168.413 2.000
326.099 116.765 399.928 71.217 -68.666 -2076.637 2.000
314.151 110.082 397.299 71.222 -20.830 -1906.678 2.000
310.307 101.656 382.709 71.227 -2200.174 -1280.587 2.000
301.396 95.296 379.019 71.232 -2276.290 -990.762 2.000
291.908 89.840 376.250 71.237 -2361.572 -748.679 2.000
282.261 85.042 374.582 71.242 -2384.217 -516.624 2.000
266.671 83.088 383.481 71.247 -360.219 -884.566 2.000
254.222 80.776 387.755 71.252 -488.149 -753.795 2.000
242.711 79.467 394.094 71.257 -491.111 -718.486 2.000
239.992 75.341 385.875 71.262 -2381.835 -233.221 2.000
229.606 73.367 389.478 71.267 -2366.021 -298.339 2.000
219.285 71.391 393.085 71.272 -2344.491 -349.447 2.000
209.040 69.413 396.928 71.277 -2284.056 -380.267 2.000
194.339 68.545 408.527 71.282 -756.413 -788.720 2.000
187.503 64.885 406.623 71.287 -2294.381 -454.371 2.000
171.414 63.470 422.121 71.292 -2898.192 -381.523 2.000
155.181 61.718 439.174 71.297 -3522.231 -278.475 2.000
152.896 61.587 438.992 71.302 -2489.733 -122.403 2.000
149.601 56.978 429.325 71.307 -2933.722 -172.113 2.000
142.383 55.127 431.637 71.312 -2460.453 -151.703 2.000
130.565 53.972 443.665 71.317 -2606.718 -133.253 2.000
119.361 53.520 454.787 71.322 -1311.062 -304.930 2.000
110.771 51.685 460.351 71.327 -883.059 -361.845 2.000
103.099 51.481 469.382 71.332 -267.157 -528.986 2.000
104.342 48.571 457.745 71.337 -860.603 -403.429 2.000
104.518 46.239 449.433 71.342 -1349.729 -279.437 2.000
96.823 43.962 452.941 71.347 -1020.997 -170.151 2.000
92.956 43.732 457.006 71.352 -1055.816 -238.439 2.000
87.679 42.541 461.183 71.357 -1055.816 -238.439 2.000
82.908 41.206 463.970 71.362 -1002.213 -208.466 2.000
68.965 45.837 458.622 71.367 -2159.158 557.155 2.000
54.891 51.193 452.713 71.373 -3366.385 1212.198 2.000
43.197 56.374 443.347 71.378 -4530.537 1687.223 2.000
998.859 357.030 -19.891 72.284 -1130.052 -2060.556 1.000
992.344 346.965 -6.597 72.289 -3685.342 -3628.971 1.000
984.059 334.789 -8.019 72.294 -2382.074 -2876.771 1.000
1005.131 339.298 -2.568 72.299 1763.561 -446.783 1.000
1013.124 335.485 -7.047 72.304 -2178.205 -2681.101 1.000
1004.308 323.715 -36.774 72.309 -2330.839 -2971.662 1.000
1004.441 316.121 -79.614 72.314 -3358.658 -3574.462 1.000
1151.828 300.910 75.194 72.393 -7318.573 -5011.707 1.000
1122.053 279.438 50.101 72.398 -3560.336 -2958.731 1.000
1108.198 266.879 44.124 72.403 -2708.782 -2456.097 1.000
1091.154 251.325 7.688 72.408 -1295.744 -1578.770 1.000
1067.421 234.984 33.213 72.413 643.576 -653.451 1.000
1075.186 234.436 44.276 72.418 -2618.375 -2497.420 1.000
1079.348 231.330 47.131 72.423 -2550.466 -2452.298 1.000
1083.851 228.297 49.500 72.428 -2528.404 -2380.483 1.000
1075.963 218.888 32.389 72.433 806.500 -553.539 1.000
1077.084 214.684 31.245 72.438 801.256 -563.663 1.000
1078.219 210.236 29.861 72.443 833.539 -574.095 1.000
1079.753 205.829 28.898 72.448 719.413 -591.565 1.000
1087.918 205.249 37.871 72.453 -2522.463 -2376.744 1.000
1092.383 202.630 40.767 72.458 -2513.024 -2331.913 1.000
1097.258 200.749 43.499 72.463 -2381.509 -2219.905 1.000
1090.377 192.136 27.516 72.468 986.275 -410.352 1.000
1092.494 188.738 26.972 72.473 1111.403 -327.927 1.000
1094.866 185.434 26.604 72.478 1140.553 -226.700 1.000
1098.062 182.460 26.702 72.483 1177.295 -182.432 1.000
1108.279 184.051 38.260 72.488 -1970.766 -1867.381 1.000
1115.198 182.996 42.469 72.493 -1874.417 -1859.064 1.000
1120.996 182.157 46.850 72.498 -1778.441 -1830.070 1.000
1116.205 174.727 32.140 72.503 1319.390 -211.527 1.000
1119.247 172.159 32.573 72.508 1318.442 -238.462 1.000
1122.770 169.737 32.804 72.513 1277.163 -202.851 1.000
1125.842 167.242 33.163 72.518 1152.234 -237.243 1.000
1135.831 168.197 43.715 72.523 -1991.589 -1724.715 1.000
1141.007 166.788 47.485 72.528 -2040.836 -1705.319 1.000
1146.037 165.331 51.014 72.533 -2087.693 -1703.579 1.000
1131.746 154.711 24.221 72.538 -417.849 -860.557 1.000
1141.230 156.235 38.527 72.543 908.701 -243.400 1.000
1143.323 153.783 38.131 72.548 905.236 -237.729 1.000
1145.349 151.466 38.273 72.553 896.576 -274.111 1.000
1152.866 151.605 46.971 72.558 -1932.956 -1677.284 1.000
1156.376 149.922 50.793 72.563 -1927.611 -1653.263 1.000
1160.820 148.288 53.120 72.569 -1935.452 -1613.153 1.000
1155.251 141.911 40.915 72.574 879.453 -260.117 1.000
1156.500 139.003 39.965 72.579 809.505 -293.279 1.000
1158.160 136.352 38.977 72.584 831.396 -323.422 1.000
1159.851 133.470 37.443 72.589 785.853 -345.600 1.000
1165.810 132.741 44.334 72.594 -1941.957 -1635.601 1.000
1155.653 124.413 24.041 72.599 -3443.156 -2332.006 1.000
1143.697 115.635 1.261 72.604 -4837.585 -3003.192 1.000
543.084 -205.263 21.742 72.684 740.709 -195.780 1.000
546.765 -206.243 22.279 72.689 761.124 -198.815 1.000
550.636 -207.169 23.572 72.694 771.176 -169.610 1.000
554.811 -207.730 24.229 72.699 789.139 -196.872 1.000
558.605 -208.809 26.270 72.704 785.673 -156.984 1.000
562.160 -209.837 28.379 72.709 734.365 -180.594 1.000
565.766 -210.826 32.208 72.714 676.338 -174.939 1.000
569.400 -211.540 36.048 72.719 731.576 -173.067 1.000
573.005 -212.434 39.561 72.724 769.573 -154.348 1.000
577.136 -213.014 42.498 72.729 698.275 -146.928 1.000
580.655 -213.843 46.076 72.734 719.777 -152.271 1.000
584.118 -214.942 48.858 72.739 731.208 -153.479 1.000
587.581 -215.546 51.471 72.744 732.037 -163.876 1.000
590.897 -216.595 53.903 72.749 746.918 -156.570 1.000
594.703 -217.234 56.308 72.754 711.776 -202.035 1.000
598.878 -218.002 57.705 72.759 703.179 -201.891 1.000
602.324 -218.957 59.439 72.764 710.310 -177.161 1.000
605.657 -219.866 61.032 72.769 745.115 -180.759 1.000
609.340 -221.022 62.232 72.774 716.147 -177.789 1.000
612.931 -221.982 63.004 72.780 731.996 -195.683 1.000
616.404 -222.667 64.034 72.784 743.547 -182.236 1.000
620.183 -223.685 64.487 72.790 716.846 -167.200 1.000
623.796 -224.559 64.823 72.795 698.704 -173.262 1.000
627.799 -225.369 64.686 72.800 689.138 -180.615 1.000
631.112 -226.370 64.772 72.805 728.944 -192.410 1.000
634.821 -227.488 64.190 72.810 764.018 -178.568 1.000
638.493 -228.288 63.313 72.815 727.557 -163.502 1.000
641.904 -229.098 62.435 72.820 711.945 -160.315 1.000
645.566 -229.655 61.312 72.825 721.040 -169.846 1.000
648.812 -230.648 59.895 72.830 741.617 -160.478 1.000
652.808 -231.615 58.313 72.835 740.864 -145.548 1.000
656.685 -232.476 55.959 72.840 684.302 -162.401 1.000
660.215 -233.380 53.900 72.845 702.156 -167.038 1.000
663.609 -234.160 51.330 72.850 710.908 -190.553 1.000
667.101 -234.631 48.750 72.855 717.960 -180.912 1.000
670.493 -235.667 45.943 72.860 671.343 -153.515 1.000
674.049 -236.384 42.789 72.865 679.468 -150.623 1.000
677.402 -237.267 39.244 72.870 675.254 -119.322 1.000
681.018 -238.034 35.458 72.875 633.038 -124.637 1.000
684.114 -238.918 32.108 72.880 655.290 -140.958 1.000
687.679 -239.664 29.040 72.885 698.367 -154.142 1.000
691.064 -240.313 26.797 72.890 690.941 -178.583 1.000
694.177 -240.921 25.290 72.895 699.639 -185.439 1.000
697.504 -242.066 23.771 72.900 731.956 -173.815 1.000
701.454 -242.751 23.819 72.905 711.576 -207.767 1.000
704.954 -243.637 24.274 72.910 707.272 -178.882 1.000
708.410 -244.757 26.265 72.915 732.538 -156.794 1.000
712.005 -245.658 29.167 72.920 698.180 -131.427 1.000
715.427 -246.317 32.509 72.925 634.223 -111.025 1.000
718.509 -246.800 35.850 72.930 641.242 -132.276 1.000
721.952 -247.494 39.122 72.935 655.590 -158.476 1.000
725.316 -248.288 41.971 72.940 660.487 -158.059 1.000
729.401 -249.564 44.467 72.945 700.803 -208.508 1.000
732.875 -250.433 46.683 72.950 795.221 -227.620 1.000
736.638 -251.290 48.580 72.955 778.726 -216.863 1.000
739.887 -252.126 50.320 72.960 810.344 -231.433 1.000
743.516 -253.124 51.812 72.965 773.694 -204.958 1.000
747.689 -254.490 52.979 72.970 684.709 -170.032 1.000
751.322 -255.317 53.878 72.975 724.235 -151.705 1.000
754.905 -256.181 54.307 72.980 636.411 -99.294 1.000
758.585 -256.928 54.292 72.985 606.347 -63.771 1.000
761.826 -257.171 54.367 72.990 633.014 -110.527 1.000
764.718 -257.561 54.074 72.995 627.418 -118.752 1.000
767.820 -258.376 53.975 73.000 626.819 -118.772 1.000
770.977 -258.900 53.500 73.005 704.862 -131.486 1.000
774.366 -259.610 52.431 73.010 711.037 -133.572 1.000
777.682 -259.811 51.297 73.015 609.755 -94.477 1.000
780.424 -260.167 49.985 73.020 641.899 -62.021 1.000
783.636 -260.586 48.754 73.025 525.656 -40.552 1.000
786.788 -260.989 47.838 73.030 505.312 -32.187 1.000
789.090 -261.499 47.250 73.035 531.337 -70.586 1.000
791.699 -262.562 47.253 73.040 504.059 -183.946 1.000
793.986 -263.545 47.125 73.045 324.930 -268.588 1.000
796.735 -265.145 47.248 73.050 394.713 -422.646 1.000
798.798 -266.406 47.731 73.055 416.084 -564.617 1.000
801.420 -268.738 48.805 73.061 439.287 -629.564 1.000
803.029 -271.521 51.218 73.066 476.642 -665.320 1.000
805.185 -274.765 52.960 73.071 457.836 -647.067 1.000
807.732 -277.986 54.266 73.076 413.481 -601.893 1.000
809.312 -281.287 56.000 73.081 458.984 -573.085 1.000
811.766 -284.203 56.616 73.086 398.073 -522.102 1.000
814.125 -286.730 56.806 73.091 348.845 -493.695 1.000
815.432 -289.146 57.301 73.096 355.783 -496.118 1.000
817.420 -291.826 56.786 73.101 291.451 -464.160 1.000
819.082 -294.138 56.374 73.106 282.451 -462.545 1.000
820.507 -296.517 55.880 73.111 320.323 -441.545 1.000
821.914 -298.770 55.231 73.116 259.579 -453.960 1.000
823.181 -301.102 54.500 73.121 264.945 -446.268 1.000
824.866 -303.209 53.277 73.126 244.147 -448.088 1.000
826.091 -305.408 51.685 73.131 252.929 -436.162 1.000
827.150 -307.701 50.382 73.136 279.844 -411.242 1.000
828.564 -309.804 48.129 73.141 271.096 -413.442 1.000
830.372 -311.976 45.804 73.146 308.245 -434.674 1.000
831.557 -314.240 43.568 73.151 313.203 -465.729 1.000
832.673 -316.714 40.838 73.156 325.027 -459.998 1.000
834.377 -318.876 37.890 73.161 300.473 -484.372 1.000
835.976 -321.057 34.865 73.166 269.622 -492.222 1.000
837.339 -323.355 31.857 73.171 251.799 -501.229 1.000
838.753 -325.848 29.356 73.176 253.414 -490.041 1.000
840.348 -328.258 27.211 73.181 257.372 -439.893 1.000
841.853 -330.830 25.751 73.186 246.607 -399.931 1.000
842.858 -332.895 25.278 73.191 314.489 -394.358 1.000
844.331 -334.636 25.395 73.196 304.539 -372.949 1.000
845.847 -336.453 25.791 73.201 335.111 -351.451 1.000
847.418 -338.396 27.237 73.206 337.312 -350.632 1.000
849.286 -340.383 29.912 73.211 361.357 -359.515 1.000
851.176 -342.143 33.307 73.216 368.389 -343.483 1.000
852.725 -343.684 36.436 73.221 347.587 -378.803 1.000
854.461 -345.589 39.157 73.226 371.781 -368.201 1.000
856.479 -347.466 41.685 73.231 336.008 -390.073 1.000
858.107 -349.391 44.380 73.236 372.030 -405.425 1.000
860.060 -351.296 46.105 73.241 349.950 -374.085 1.000
861.884 -353.244 48.002 73.246 327.459 -365.406 1.000
863.384 -355.228 50.134 73.251 324.460 -367.477 1.000
865.008 -356.884 51.874 73.256 331.533 -392.829 1.000
866.594 -358.939 52.812 73.261 389.017 -380.211 1.000
868.568 -360.897 53.852 73.266 334.392 -386.396 1.000
870.178 -362.980 54.640 73.271 341.261 -389.918 1.000
872.162 -364.849 54.786 73.276 346.699 -414.095 1.000
873.492 -366.604 55.143 73.281 344.105 -412.459 1.000
875.037 -368.734 55.342 73.286 253.423 -401.854 1.000
876.755 -370.748 55.068 73.291 307.861 -361.343 1.000
878.435 -372.681 54.478 73.296 266.287 -363.056 1.000
879.855 -374.507 54.144 73.301 269.020 -358.015 1.000
880.993 -376.525 53.370 73.307 301.905 -344.384 1.000
882.732 -378.329 52.152 73.312 301.751 -357.036 1.000
884.253 -380.134 50.954 73.317 321.098 -370.507 1.000
885.611 -381.771 49.494 73.322 346.326 -404.582 1.000
887.274 -383.812 47.621 73.327 374.952 -392.318 1.000
889.546 -385.650 45.404 73.332 321.663 -399.004 1.000
890.863 -387.773 43.240 73.337 371.874 -379.468 1.000
892.887 -389.583 40.244 73.342 416.269 -358.038 1.000
894.906 -391.440 37.061 73.347 437.802 -346.604 1.000
896.801 -393.334 33.958 73.352 390.844 -357.297 1.000
898.894 -395.105 30.883 73.357 401.256 -359.973 1.000
900.875 -396.991 28.332 73.362 439.641 -370.030 1.000
903.048 -398.746 26.299 73.367 442.642 -346.404 1.000
905.120 -400.546 24.702 73.372 396.980 -374.861 1.000
907.110 -402.310 23.608 73.377 334.987 -391.570 1.000
914.302 -402.700 24.648 73.382 1557.508 -49.508 1.000
926.077 -401.283 27.478 73.387 4164.136 845.628 1.000
945.032 -398.159 26.176 73.392 4060.503 811.486 1.000
951.795 -398.621 31.876 73.397 3789.077 701.957 1.000
968.317 -395.593 32.228 73.402 3542.149 629.367 1.000
985.772 -392.518 34.198 73.407 4054.007 786.341 1.000
1004.084 -388.559 28.201 73.412 4319.414 859.976 1.000
