2018.662 691.799 65.310 15.589 3969.307 -2074.821 2.000
2046.085 682.033 56.179 15.594 5327.983 -1943.239 2.000
2070.818 673.147 47.681 15.599 5032.743 -1833.403 2.000
2098.646 663.064 38.447 15.604 4594.575 -1669.252 2.000
2122.646 654.213 30.208 15.609 4561.580 -1649.357 2.000
2145.765 645.868 22.444 15.614 4491.080 -1643.079 2.000
2168.598 637.918 14.164 15.619 4397.099 -1666.400 2.000
2193.542 629.836 10.727 15.624 2633.398 -1838.334 2.000
2213.298 621.075 -2.639 15.629 4358.730 -1672.317 2.000
2234.368 612.507 -10.762 15.634 4211.255 -1701.075 2.000
2256.380 604.163 -18.887 15.639 4214.725 -1704.777 2.000
2278.748 595.483 -27.946 15.644 4089.800 -1639.683 2.000
2299.656 587.301 -36.488 15.650 4091.926 -1629.127 2.000
2319.958 579.278 -44.905 15.655 4111.542 -1629.734 2.000
2342.529 571.111 -51.092 15.660 2383.757 -1782.396 2.000
2355.515 562.212 -75.904 15.665 3295.551 -1681.836 2.000
2381.420 554.267 -71.972 15.670 3900.269 -1623.941 2.000
2401.983 545.969 -81.117 15.675 3969.311 -1628.903 2.000
2423.486 537.791 -90.494 15.680 3952.799 -1657.521 2.000
2443.611 529.496 -100.200 15.685 3995.519 -1674.786 2.000
2463.305 521.395 -109.139 15.690 3953.371 -1656.287 2.000
2483.175 513.085 -118.649 15.695 3946.148 -1640.995 2.000
2505.229 504.761 -124.919 15.700 2279.438 -1814.098 2.000
2522.950 496.408 -138.915 15.705 3883.454 -1632.515 2.000
2542.823 488.056 -148.383 15.710 3861.511 -1615.252 2.000
2563.222 479.808 -158.854 15.715 3759.022 -1637.046 2.000
2582.203 471.674 -168.586 15.720 3726.029 -1633.968 2.000
2601.211 463.427 -178.919 15.725 3741.272 -1648.479 2.000
2619.681 455.445 -188.386 15.730 3704.551 -1649.955 2.000
2639.814 446.996 -196.586 15.735 1917.948 -1832.606 2.000
2656.686 438.989 -209.491 15.740 3536.823 -1616.841 2.000
2674.324 430.512 -219.711 15.745 3408.000 -1632.220 2.000
2692.087 422.532 -229.647 15.751 3362.803 -1600.726 2.000
2709.444 414.585 -239.919 15.756 3311.352 -1570.390 2.000
2727.140 406.581 -250.020 15.761 3347.418 -1586.942 2.000
2744.009 398.295 -260.022 15.766 3251.619 -1610.545 2.000
2760.918 390.399 -269.958 15.771 3269.180 -1618.907 2.000
2778.674 382.416 -277.303 15.776 1492.172 -1912.466 2.000
2792.885 374.197 -291.548 15.781 3174.567 -1622.142 2.000
2808.851 366.031 -301.948 15.786 3138.110 -1602.852 2.000
2825.436 358.608 -312.359 15.791 3096.409 -1602.981 2.000
2841.726 350.642 -322.651 15.796 3066.384 -1558.997 2.000
2857.882 342.547 -333.356 15.801 3032.642 -1511.609 2.000
2872.510 334.961 -343.245 15.806 2970.009 -1478.678 2.000
2889.020 327.299 -352.172 15.811 1127.763 -1906.461 2.000
2903.024 319.986 -366.210 15.816 2910.866 -1505.738 2.000
2917.935 312.139 -376.937 15.821 3010.130 -1504.206 2.000
2933.902 305.215 -386.307 15.826 2956.903 -1445.502 2.000
2949.526 299.218 -393.479 15.831 2925.393 -1297.665 2.000
2965.053 293.312 -399.345 15.836 3043.429 -1088.610 2.000
2980.310 288.292 -403.706 15.841 3029.196 -818.125 2.000
2995.540 283.817 -406.293 15.846 3092.263 -604.933 2.000
3016.198 281.774 -396.706 15.851 1107.839 -781.481 2.000
3026.918 277.853 -404.059 15.856 3074.017 -369.731 2.000
3042.827 275.453 -400.706 15.862 3071.040 -256.722 2.000
3058.658 273.830 -395.299 15.867 3050.894 -278.924 2.000
3073.806 272.543 -389.060 15.872 2938.329 -300.999 2.000
3088.766 271.253 -382.109 15.877 2757.566 -287.306 2.000
3102.582 270.098 -375.330 15.882 2710.569 -331.997 2.000
3120.618 269.553 -359.891 15.887 1163.550 -423.393 2.000
3129.670 266.886 -362.680 15.892 2604.455 -294.281 2.000
3142.662 265.318 -356.093 15.897 2482.740 -303.948 2.000
3155.147 263.751 -349.368 15.902 2269.279 -270.682 2.000
3166.275 262.492 -342.196 15.907 2078.582 -240.072 2.000
3176.836 261.322 -334.781 15.912 2003.334 -259.809 2.000
3187.276 259.659 -327.284 15.917 1860.172 -321.561 2.000
3200.086 258.298 -313.599 15.922 813.616 -282.140 2.000
3204.669 256.783 -318.781 15.927 1594.391 -269.895 2.000
3216.014 255.097 -307.231 15.932 1775.338 -316.966 2.000
3224.745 253.695 -300.265 15.937 1700.159 -295.082 2.000
3233.048 252.298 -293.240 15.942 1694.807 -314.878 2.000
3241.708 250.604 -286.356 15.947 1688.469 -327.004 2.000
3250.204 248.770 -279.930 15.952 1560.590 -289.394 2.000
3258.042 247.011 -273.393 15.957 1541.583 -283.801 2.000
3268.211 245.434 -261.016 15.962 1116.027 -257.655 2.000
3273.903 244.118 -260.655 15.967 1488.431 -353.495 2.000
3280.731 242.489 -254.257 15.972 1360.886 -335.422 2.000
3287.267 240.885 -247.706 15.977 1316.516 -348.727 2.000
3294.038 238.949 -242.165 15.982 1230.303 -343.729 2.000
3301.031 237.027 -235.907 15.988 1243.053 -363.165 2.000
3307.266 235.223 -230.005 15.993 1295.503 -404.183 2.000
3315.805 232.674 -220.342 15.998 1209.889 -406.565 2.000
3320.550 230.990 -218.987 16.003 1279.110 -420.714 2.000
3326.914 228.857 -213.922 16.008 1294.885 -446.869 2.000
3332.818 226.772 -208.876 16.013 1360.776 -481.773 2.000
3339.568 224.360 -204.006 16.018 1315.761 -479.970 2.000
3345.353 222.169 -199.419 16.023 1165.505 -442.657 2.000
3352.331 219.726 -194.367 16.028 1154.099 -451.415 2.000
3359.200 217.040 -186.949 16.033 1298.422 -503.868 2.000
3364.578 214.882 -181.992 16.038 1244.193 -492.571 2.000
3367.452 213.046 -180.717 16.043 917.953 -440.227 2.000
3372.569 210.988 -176.554 16.048 901.239 -422.851 2.000
3377.686 208.860 -172.400 16.053 922.050 -420.593 2.000
3383.253 206.474 -168.650 16.058 1060.527 -464.967 2.000
3388.411 204.192 -164.846 16.063 1184.521 -504.801 2.000
3394.385 201.740 -161.035 16.068 1108.137 -462.910 2.000
3399.218 199.581 -156.529 16.073 1676.112 -688.066 2.000
3404.128 197.390 -154.437 16.078 1180.618 -468.577 2.000
3410.003 194.712 -151.785 16.083 1219.581 -472.601 2.000
3416.010 192.594 -148.978 16.088 1028.319 -473.172 2.000
3421.307 190.167 -146.415 16.093 928.568 -438.458 2.000
3426.588 187.731 -143.801 16.098 836.427 -406.817 2.000
3430.802 185.740 -141.190 16.103 871.489 -423.667 2.000
3434.654 183.658 -138.712 16.108 1671.411 -774.147 2.000
3439.464 181.535 -136.703 16.113 915.929 -450.213 2.000
3445.826 178.486 -135.330 16.118 1115.918 -526.235 2.000
3451.590 175.791 -133.727 16.124 1131.342 -533.547 2.000
3457.160 173.210 -132.548 16.129 1341.699 -612.641 2.000
3463.143 170.369 -132.121 16.134 1366.584 -638.192 2.000
3469.850 167.267 -131.200 16.139 1466.706 -680.038 2.000
3473.396 165.742 -138.563 16.144 1906.522 -850.825 2.000
3483.710 160.950 -131.736 16.149 2390.648 -1092.032 2.000
3491.823 157.386 -129.988 16.154 1497.939 -667.965 2.000
3498.419 154.423 -130.344 16.159 1276.872 -571.854 2.000
3501.914 153.039 -135.903 16.164 336.724 -103.425 2.000
3501.630 153.500 -149.863 16.169 -213.366 193.147 2.000
3500.562 154.350 -164.478 16.174 -891.808 534.668 2.000
