675.998 248.373 429.843 16.988 -4255.424 674.153 1.000
654.344 251.639 416.693 16.993 -4231.533 685.062 1.000
633.337 254.864 403.420 16.998 -4181.551 651.777 1.000
605.971 263.069 387.200 17.003 -4009.242 608.853 2.000
585.833 266.032 373.483 17.008 -4038.172 572.649 2.000
564.975 269.371 359.083 17.013 -4100.227 625.061 2.000
543.367 273.379 344.608 17.018 -3975.672 512.352 2.000
523.398 275.947 330.498 17.023 -4125.595 606.664 2.000
503.218 278.506 315.944 17.028 -4295.454 714.117 2.000
481.855 282.302 300.992 17.033 -4296.619 710.310 2.000
460.891 285.743 285.834 17.038 -4209.893 717.244 2.000
439.741 289.033 269.934 17.043 -4210.347 725.768 2.000
418.378 292.573 254.122 17.048 -4183.337 734.400 2.000
397.427 296.337 238.075 17.053 -4099.701 641.546 2.000
376.459 299.797 221.675 17.058 -4190.795 702.508 2.000
355.481 303.232 205.309 17.063 -4102.585 667.554 2.000
335.181 306.553 189.073 17.068 -4034.412 633.490 2.000
315.072 309.977 173.102 17.074 -4083.982 657.339 2.000
294.825 312.832 156.822 17.078 -4100.993 613.585 2.000
273.992 315.701 139.828 17.084 -4066.574 618.680 2.000
253.307 319.276 122.518 17.089 -4053.877 599.403 2.000
233.230 322.448 105.231 17.094 -3986.631 642.744 2.000
212.672 325.826 88.233 17.099 -3947.991 617.790 2.000
193.452 328.663 75.068 17.104 -4025.730 635.097 2.000
174.071 332.032 63.947 17.109 -3888.323 618.753 2.000
154.730 335.382 55.285 17.114 -3640.713 550.380 2.000
136.075 337.959 50.527 17.119 -3505.066 754.904 2.000
120.095 340.000 49.430 17.124 -3250.476 674.461 2.000
104.053 342.491 50.776 17.129 -2883.332 511.739 2.000
89.378 345.652 59.076 17.134 -2731.542 304.685 2.000
75.040 347.423 68.802 17.139 -2501.760 209.219 2.000
61.136 348.785 83.101 17.144 -2351.037 209.291 2.000
49.387 349.928 98.716 17.149 -2325.314 187.468 2.000
37.517 350.846 114.246 17.154 -2344.672 156.373 2.000
25.650 351.782 129.429 17.159 -2419.942 197.241 2.000
13.900 352.846 143.717 17.164 -2449.379 227.660 2.000
1.683 353.984 157.273 17.169 -2450.255 222.941 2.000
-10.726 355.063 170.660 17.174 -2414.744 198.765 2.000
-22.595 355.872 184.102 17.179 -2413.806 227.410 2.000
-35.248 357.202 197.149 17.184 -2439.970 207.437 2.000
-47.381 358.306 210.009 17.189 -2406.549 204.496 2.000
-59.603 359.180 222.303 17.194 -2428.208 225.339 2.000
-71.472 360.524 234.171 17.199 -2401.373 199.278 2.000
-83.329 361.393 245.897 17.204 -2406.315 202.285 2.000
-95.175 362.256 257.375 17.209 -2400.857 181.177 2.000
-107.489 363.328 268.717 17.214 -2374.098 214.631 2.000
-119.301 364.644 279.799 17.219 -2314.586 224.346 2.000
-131.515 365.832 290.067 17.224 -2324.436 246.555 2.000
-143.338 367.006 300.618 17.229 -2355.145 222.810 2.000
-154.975 368.042 310.629 17.234 -2353.565 255.433 2.000
-166.331 369.120 320.525 17.239 -2353.447 261.304 2.000
-177.838 370.191 330.287 17.244 -2319.058 228.168 2.000
-189.867 371.673 339.292 17.249 -2336.128 268.307 2.000
-201.601 373.114 348.107 17.254 -2295.232 217.445 2.000
-213.236 374.151 356.575 17.259 -2346.662 214.550 2.000
-225.040 375.211 364.631 17.264 -2285.914 234.395 2.000
-237.205 376.535 372.663 17.269 -2308.823 246.721 2.000
-248.381 377.622 380.168 17.274 -2344.602 264.927 2.000
-259.191 378.933 387.689 17.279 -2319.783 258.996 2.000
-271.108 380.281 394.989 17.284 -2284.389 269.108 2.000
-282.801 381.943 402.220 17.289 -2185.341 244.518 2.000
-293.701 382.825 409.082 17.294 -2211.864 293.004 2.000
-305.022 384.152 415.495 17.299 -2224.141 281.108 2.000
-315.853 385.726 421.968 17.304 -2159.939 250.402 2.000
-326.914 387.105 427.899 17.309 -2172.582 257.779 2.000
-338.029 387.927 433.579 17.314 -2213.657 236.172 2.000
-348.702 389.163 439.224 17.319 -2211.231 211.080 2.000
-359.927 390.574 444.576 17.324 -2141.441 221.674 2.000
-370.901 391.614 449.573 17.329 -2234.453 219.702 2.000
-382.322 392.580 453.846 17.334 -2252.475 206.820 2.000
-393.539 393.567 458.008 17.340 -2263.074 178.504 2.000
-404.749 394.556 462.309 17.345 -2279.331 211.357 2.000
-415.764 395.625 466.357 17.350 -2257.536 186.315 2.000
-427.020 396.542 470.046 17.355 -2258.429 233.642 2.000
-438.364 397.923 473.915 17.360 -2327.447 224.254 2.000
-450.027 399.071 477.037 17.365 -2278.882 209.116 2.000
-462.364 399.703 479.739 17.370 -2279.818 204.520 2.000
-473.540 400.877 482.247 17.375 -2291.404 207.795 2.000
-484.581 402.059 484.710 17.380 -2321.433 226.396 2.000
-495.969 403.084 486.643 17.385 -2257.558 211.473 2.000
-506.601 404.505 488.738 17.390 -2237.812 234.950 2.000
-11800.577 37172.172 3520.336 17.395 2402151.688 283045.141 2.000
18891.208 -2316.321 412.246 17.400 -463874.230 726587.741 2.000
30737.492 37121.642 -4840.934 17.405 3300750.761 3210733.871 2.000
3609.899 9992.848 4383.110 17.410 750013.282 762947.399 2.000
-938.917 452.349 342.081 17.603 -1640.594 268.323 2.000
-947.066 453.716 333.211 17.608 -1616.526 278.316 2.000
-955.548 455.164 324.217 17.613 -1667.655 286.869 2.000
-963.643 456.493 315.124 17.618 -1609.968 280.932 2.000
-971.362 457.811 305.590 17.623 -1549.560 318.556 2.000
696.742 255.195 506.602 20.714 -3905.225 238.408 1.000
677.126 256.415 495.416 20.719 -3965.656 260.439 1.000
648.576 264.237 484.287 20.724 -4057.054 506.504 2.000
628.727 266.419 472.403 20.729 -3951.871 405.032 2.000
609.327 267.928 460.631 20.734 -3911.289 319.215 2.000
588.663 270.270 448.061 20.739 -3797.583 247.018 2.000
