649.292 249.013 423.640 23.996 -4168.587 -196.998 2.000
628.512 247.994 411.357 24.001 -4066.298 -272.170 2.000
608.210 246.701 399.264 24.006 -4025.529 -254.715 2.000
588.555 245.321 387.310 24.011 -3968.785 -266.165 2.000
567.508 244.412 374.442 24.016 -3873.688 -319.684 2.000
547.799 242.475 361.999 24.021 -3820.383 -318.598 2.000
528.946 240.744 349.957 24.026 -3785.671 -382.601 2.000
510.111 239.051 337.727 24.031 -3780.108 -371.120 2.000
490.835 237.370 324.677 24.036 -3815.539 -348.600 2.000
472.007 235.727 311.719 24.041 -3786.305 -348.447 2.000
452.970 234.006 298.418 24.046 -3810.382 -317.139 2.000
433.368 232.609 284.364 24.051 -3795.812 -306.152 2.000
413.832 230.951 270.143 24.056 -3801.139 -290.551 2.000
395.327 229.251 256.510 24.061 -3857.512 -244.953 2.000
376.391 227.820 242.290 24.066 -3878.613 -248.914 2.000
356.819 226.730 227.030 24.071 -3834.346 -269.213 2.000
337.615 225.472 212.395 24.076 -3839.221 -287.683 2.000
318.434 224.222 197.244 24.081 -3775.991 -271.691 2.000
299.121 222.914 181.913 24.086 -3777.829 -242.872 2.000
279.658 221.604 166.059 24.092 -3792.835 -249.509 2.000
260.896 220.107 150.381 24.097 -3764.500 -260.113 2.000
242.298 218.849 134.573 24.102 -3760.493 -274.702 2.000
223.186 217.497 118.850 24.107 -3764.644 -266.150 2.000
204.269 216.106 102.841 24.112 -3737.143 -286.181 2.000
186.147 215.047 86.969 24.117 -3672.237 -264.281 2.000
166.791 213.909 71.543 24.122 -3740.426 -250.549 2.000
149.035 212.483 59.860 24.127 -3539.087 -231.997 2.000
132.979 211.204 51.536 24.132 -3202.369 -155.727 2.000
117.449 209.876 45.917 24.137 -2933.284 -151.877 2.000
102.043 208.861 42.831 24.142 -2560.572 -155.654 2.000
88.474 209.625 47.094 24.147 -2339.793 -259.583 2.000
76.033 207.389 53.222 24.152 -2251.903 -127.119 2.000
63.855 206.633 61.325 24.157 -2104.236 -117.511 2.000
51.936 205.792 73.417 24.162 -1956.110 -128.877 2.000
42.779 205.318 88.530 24.167 -2091.891 -105.028 2.000
32.789 204.886 103.394 24.172 -2138.742 -123.700 2.000
21.794 203.847 117.509 24.177 -2065.802 -114.785 2.000
11.333 203.302 131.083 24.182 -2085.132 -104.336 2.000
1.139 202.963 144.778 24.187 -2086.353 -121.244 2.000
-9.389 202.431 158.019 24.192 -2061.001 -143.209 2.000
-19.794 201.463 171.169 24.197 -2026.369 -144.383 2.000
-29.935 200.902 183.769 24.202 -2019.529 -120.796 2.000
-39.835 200.436 195.987 24.207 -1991.948 -142.715 2.000
-50.013 199.589 208.084 24.212 -2003.676 -116.646 2.000
-59.872 198.923 219.827 24.217 -2012.586 -114.619 2.000
-69.350 198.454 230.706 24.222 -1923.973 -102.334 2.000
-79.693 198.120 242.559 24.227 -1938.629 -105.906 2.000
-90.111 197.540 253.758 24.232 -2013.800 -73.172 2.000
20113.381 3881.396 1152.030 24.237 -1358424.286 -1009753.459 2.000
1956.525 -821.015 861.413 24.242 164423.669 -91746.572 2.000
-64589.971 24847.255 23219.314 24.247 7259670.377 -686013.342 2.000
4127.773 -994.847 3786.956 24.252 -266905.911 278379.378 2.000
-8348.061 -10949.634 3552.324 24.257 -2785933.619 -4594549.511 2.000
-698.915 -5756.135 3599.227 24.347 1489149.734 2448760.567 2.000
-1087.278 -2578.299 4041.914 24.352 -888503.515 -1458879.010 2.000
6404.855 20664.237 -12601.804 24.357 5149637.542 16593827.284 2.000
