-929.688 672.319 260.486 11.209 -1397.840 536.189 2.000
-936.581 674.959 249.673 11.214 -1401.138 548.859 2.000
-943.644 677.329 239.085 11.219 -1309.885 545.876 2.000
-950.681 679.889 227.082 11.224 -1358.604 535.227 2.000
-957.156 682.683 216.268 11.229 -1414.289 453.146 2.000
-964.262 685.375 205.369 11.234 -1445.155 385.960 2.000
-971.434 687.528 194.432 11.239 -1529.870 386.766 2.000
-978.870 689.124 182.971 11.244 -1488.716 398.468 2.000
-986.759 691.260 171.058 11.249 -1485.064 396.794 2.000
-995.058 693.053 160.718 11.254 -1534.430 386.218 2.000
-1002.285 695.213 151.074 11.259 -1626.910 369.785 2.000
-1010.043 697.079 145.706 11.264 -1652.577 406.742 2.000
-1017.826 698.918 141.896 11.269 -1582.398 371.857 2.000
-1025.430 700.827 140.110 11.274 -1476.134 374.227 2.000
-1033.235 702.687 140.340 11.279 -1423.285 385.241 2.000
-1041.203 704.354 143.138 11.284 -1532.921 379.164 2.000
-1049.355 706.624 151.604 11.289 -1532.555 354.886 2.000
-1057.149 708.315 160.890 11.294 -1489.661 377.912 2.000
-1064.617 710.206 171.557 11.300 -1494.384 380.379 2.000
-1072.233 712.087 182.113 11.305 -1546.593 389.972 2.000
756.680 -70.305 547.609 13.475 -4456.467 -155.338 1.000
734.963 -71.421 532.717 13.480 -4261.921 -232.403 1.000
713.831 -72.824 518.579 13.485 -4258.532 -283.840 1.000
693.668 -74.333 506.703 13.490 -4331.107 -275.024 1.000
669.429 -74.621 489.475 13.495 -3892.310 -450.672 1.000
650.453 -76.877 477.155 13.500 -3968.661 -393.205 1.000
