1512.359 479.878 -550.639 24.581 -4783.272 568.538 2.000
1488.639 482.546 -539.222 24.586 -4729.674 534.913 2.000
1464.258 485.831 -527.347 24.591 -4553.901 431.053 2.000
1441.643 488.173 -516.334 24.596 -4510.546 475.852 2.000
1418.843 490.520 -504.856 24.601 -4488.586 467.942 2.000
1395.641 492.697 -493.036 24.606 -4443.682 442.942 2.000
1373.080 494.778 -481.480 24.611 -4381.928 453.459 2.000
1351.232 497.024 -469.527 24.616 -4378.410 450.248 2.000
1329.352 499.117 -457.545 24.621 -4430.930 405.542 2.000
1307.417 501.457 -445.201 24.626 -4356.958 427.908 2.000
1285.709 503.776 -432.951 24.631 -4335.525 436.623 2.000
1264.068 505.703 -420.276 24.636 -4248.172 331.724 2.000
1242.384 507.198 -407.251 24.641 -4196.731 358.363 2.000
1221.558 508.525 -394.485 24.646 -4107.225 299.471 2.000
1200.407 510.349 -381.369 24.651 -4101.664 298.940 2.000
1179.668 512.235 -368.212 24.656 -4094.927 281.291 2.000
1158.661 513.725 -354.705 24.661 -4091.399 274.629 2.000
1138.071 515.678 -341.311 24.666 -4190.886 304.865 2.000
1117.061 516.875 -327.253 24.671 -4253.760 369.536 2.000
1095.324 518.504 -312.639 24.676 -4254.726 365.669 2.000
1074.672 520.202 -298.817 24.681 -4368.724 412.462 2.000
1053.022 522.096 -283.875 24.686 -4361.382 407.886 2.000
1030.994 524.453 -268.504 24.691 -4324.986 404.489 2.000
1010.006 526.375 -253.521 24.696 -4307.262 397.655 2.000
988.002 528.620 -237.771 24.701 -4290.610 446.038 2.000
966.302 531.053 -221.779 24.706 -4219.546 426.964 2.000
944.620 532.945 -205.707 24.711 -4192.574 428.171 2.000
923.530 534.895 -189.776 24.716 -4215.216 432.422 2.000
902.700 536.796 -173.551 24.722 -4188.379 416.447 2.000
882.045 539.035 -157.292 24.727 -4155.798 401.311 2.000
861.278 541.167 -140.777 24.732 -4067.485 357.678 2.000
840.537 543.141 -123.799 24.737 -4075.564 375.827 2.000
819.797 545.169 -106.581 24.742 -3984.054 314.940 2.000
799.887 546.821 -89.991 24.747 -3939.468 342.556 2.000
779.820 548.475 -76.096 24.752 -3903.570 429.203 2.000
761.036 550.183 -65.161 24.757 -3692.486 479.320 2.000
743.391 551.750 -56.752 24.762 -3641.678 301.792 2.000
725.632 553.983 -52.021 24.767 -3435.333 297.126 2.000
708.859 555.635 -49.909 24.772 -3123.173 295.801 2.000
692.134 557.217 -50.919 24.777 -2838.787 256.894 2.000
677.143 558.429 -56.639 24.782 -2654.439 247.476 2.000
663.622 559.365 -69.217 24.787 -2591.487 300.618 2.000
650.443 561.168 -83.083 24.792 -2431.219 218.329 2.000
638.290 562.277 -97.961 24.797 -2410.630 208.878 2.000
625.886 563.471 -113.193 24.802 -2450.492 173.396 2.000
613.214 564.437 -127.641 24.807 -2370.599 184.188 2.000
601.180 565.200 -142.218 24.812 -2476.815 225.424 2.000
588.715 566.222 -156.155 24.817 -2495.374 249.722 2.000
576.257 567.517 -170.119 24.822 -2532.093 218.998 2.000
563.984 568.632 -183.326 24.827 -2598.342 193.810 2.000
551.256 569.463 -196.080 24.832 -2584.773 195.716 2.000
539.123 570.294 -208.862 24.837 -2510.282 159.335 2.000
526.496 571.326 -221.452 24.842 -2402.670 177.961 2.000
514.362 572.349 -233.270 24.847 -2391.659 159.673 2.000
501.938 573.361 -244.989 24.852 -2281.242 162.178 2.000
490.298 574.126 -256.819 24.857 -2275.347 156.489 2.000
478.430 574.694 -267.990 24.862 -2296.972 160.075 2.000
467.208 575.437 -279.046 24.867 -2296.117 165.608 2.000
455.816 576.226 -290.302 24.872 -2297.176 175.156 2.000
444.267 577.225 -301.253 24.877 -2392.262 182.626 2.000
431.955 578.297 -311.483 24.882 -2405.886 151.901 2.000
420.212 578.988 -321.641 24.887 -2373.175 178.325 2.000
408.500 579.966 -331.386 24.892 -2386.725 167.081 2.000
396.926 580.673 -340.647 24.897 -2290.015 198.103 2.000
385.726 581.511 -349.762 24.902 -2246.551 191.412 2.000
373.643 582.370 -358.090 24.907 -2294.777 189.896 2.000
361.590 583.315 -366.509 24.912 -2344.777 155.233 2.000
349.902 584.050 -374.606 24.917 -2257.692 118.803 2.000
338.477 584.643 -382.803 24.922 -2297.255 125.812 2.000
327.759 585.564 -390.725 24.927 -2295.570 127.396 2.000
315.680 586.319 -398.085 24.932 -2364.377 149.348 2.000
304.189 587.130 -405.216 24.937 -2341.678 171.528 2.000
292.529 588.001 -412.313 24.942 -2335.780 170.839 2.000
280.076 588.912 -418.993 24.947 -2248.124 208.339 2.000
268.861 589.662 -425.992 24.952 -2288.362 220.829 2.000
258.256 590.636 -432.948 24.957 -2297.151 228.156 2.000
246.409 591.645 -438.741 24.962 -2343.289 208.103 2.000
234.718 592.914 -443.674 24.967 -2335.011 167.662 2.000
222.757 593.635 -448.394 24.972 -2276.049 156.269 2.000
211.570 594.319 -453.180 24.977 -2273.503 161.264 2.000
200.430 595.546 -458.465 24.982 -2269.155 169.664 2.000
189.007 596.486 -462.793 24.987 -2208.487 171.516 2.000
177.963 597.284 -467.002 24.992 -2217.107 208.048 2.000
166.991 598.243 -470.902 24.997 -2198.556 205.859 2.000
155.539 599.049 -473.296 25.002 -2154.875 226.336 2.000
144.853 599.957 -476.007 25.008 -2180.543 162.469 2.000
134.293 600.617 -478.740 25.013 -2116.227 154.667 2.000
123.713 601.640 -481.387 25.018 -2084.049 146.274 2.000
113.063 602.334 -483.622 25.023 -2197.535 100.767 2.000
101.801 602.803 -485.742 25.028 -2186.393 66.957 2.000
91.403 603.367 -487.737 25.033 -2152.017 85.954 2.000
