611.199 -80.811 452.755 13.510 -3831.051 -322.789 1.000
591.963 -82.393 440.476 13.515 -3814.892 -303.711 1.000
573.386 -83.896 428.328 13.520 -3681.317 -208.269 1.000
556.594 -84.425 416.682 13.525 -3155.777 -113.164 1.000
540.310 -84.990 403.682 13.530 -3113.843 -145.175 1.000
524.023 -85.945 390.119 13.535 -3033.832 -88.667 1.000
508.245 -86.055 376.493 13.540 -2896.607 -30.924 1.000
831.398 225.920 519.668 16.953 -4540.596 600.713 1.000
808.643 228.917 506.915 16.958 -4510.127 610.455 1.000
786.116 231.898 494.075 16.963 -4481.942 588.233 1.000
763.832 235.238 481.293 16.968 -4457.163 643.089 1.000
741.237 238.589 468.548 16.973 -4399.981 667.633 1.000
718.778 241.871 455.845 16.978 -4307.995 674.569 1.000
