-101.302 512.488 299.955 7.272 18166.890 -88.579 1.000
-8.814 512.037 294.842 7.277 18166.890 -88.579 1.000
84.062 511.584 289.708 7.282 18166.890 -88.579 1.000
176.187 511.135 284.615 7.287 18166.890 -88.579 1.000
383.195 510.125 273.171 7.298 18166.890 -88.579 1.000
311.179 498.026 273.061 7.304 8581.525 -650.829 1.000
337.672 496.622 271.616 7.309 7044.390 -404.992 1.000
367.947 495.265 269.114 7.314 6616.781 -333.156 1.000
402.515 494.169 262.440 7.319 6501.122 -267.428 1.000
435.678 493.798 255.485 7.324 6572.355 -179.116 1.000
470.578 492.842 249.125 7.329 6689.705 -191.484 1.000
503.658 493.010 245.148 7.335 6622.257 -102.855 1.000
527.650 490.076 240.643 7.340 5990.240 -237.228 1.000
558.389 489.574 234.197 7.345 5927.462 -192.873 1.000
593.554 488.106 227.187 7.350 6234.362 -249.674 1.000
627.605 487.685 220.249 7.355 6384.629 -179.167 1.000
648.153 484.771 216.238 7.361 5400.581 -280.955 1.000
676.294 482.853 210.923 7.366 5261.503 -337.806 1.000
710.222 481.961 203.747 7.371 5456.433 -271.816 1.000
748.234 481.421 195.700 7.376 6149.453 -144.459 1.000
779.089 480.648 190.701 7.381 6316.847 -64.086 1.000
823.131 477.179 173.199 7.386 7500.159 -398.020 1.000
852.461 476.715 166.815 7.392 6975.809 -299.106 1.000
874.840 475.212 159.810 7.397 5900.666 -311.455 1.000
905.495 473.590 152.468 7.402 5857.887 -285.245 1.000
934.449 472.168 144.062 7.407 5806.532 -276.808 1.000
963.758 468.491 132.047 7.412 5846.813 -443.745 1.000
992.122 466.117 122.569 7.417 5768.203 -456.704 1.000
1022.888 465.976 115.666 7.423 5766.557 -321.535 1.000
1053.729 464.067 107.084 7.428 5877.213 -330.548 1.000
1083.017 463.808 95.140 7.433 5847.461 -216.042 1.000
1108.598 462.339 83.399 7.438 5621.728 -236.067 1.000
1135.505 459.802 72.051 7.443 5470.181 -308.755 1.000
1163.075 458.004 63.156 7.448 5375.736 -323.224 1.000
1192.359 455.933 52.033 7.453 5579.804 -381.637 1.000
1224.300 453.581 39.564 7.459 5800.016 -399.544 1.000
1251.184 450.624 26.095 7.464 5687.404 -441.207 1.000
1278.016 448.988 16.552 7.469 5516.975 -430.969 1.000
1301.528 446.137 16.998 7.474 5210.305 -452.051 1.000
1320.364 442.798 28.406 7.479 4748.300 -516.472 1.000
1330.896 437.595 59.970 7.484 3760.769 -684.454 1.000
1345.004 432.084 81.790 7.490 3294.638 -828.132 1.000
1359.049 427.164 100.977 7.495 3068.964 -892.309 1.000
1376.103 422.382 115.196 7.500 3206.939 -911.805 1.000
1390.557 419.614 128.097 7.505 3109.199 -801.787 1.000
1407.410 416.531 146.899 7.510 3149.717 -724.794 1.000
1426.368 412.539 161.616 7.515 3413.478 -739.568 1.000
1441.519 408.228 177.435 7.520 3313.251 -763.097 1.000
1456.590 403.961 191.544 7.526 3277.711 -812.855 1.000
1469.557 399.698 204.819 7.531 2941.149 -822.549 1.000
1485.482 395.821 217.478 7.536 2971.752 -786.025 1.000
1503.301 391.438 229.813 7.541 3242.458 -812.762 1.000
1518.749 386.842 241.190 7.546 3208.843 -844.945 1.000
1532.039 382.691 255.465 7.551 2968.016 -829.623 1.000
1547.704 378.392 267.896 7.557 2984.147 -836.792 1.000
1563.786 375.168 277.003 7.562 3082.887 -757.693 1.000
1580.131 371.316 288.364 7.567 3156.257 -756.747 1.000
1596.633 367.009 299.638 7.572 3199.337 -770.962 1.000
1609.835 361.670 313.496 7.577 2968.716 -848.321 1.000
1626.356 357.282 322.443 7.582 3116.859 -867.588 1.000
1641.086 354.025 331.603 7.587 3055.088 -790.617 1.000
1656.622 350.360 342.903 7.593 3010.693 -740.897 1.000
1671.641 345.758 352.733 7.598 2981.233 -786.706 1.000
1687.581 340.831 362.289 7.603 3028.971 -852.315 1.000
1701.160 338.628 368.593 7.608 2983.714 -745.065 1.000
1714.588 336.307 375.923 7.613 2874.314 -640.698 1.000
