-94.327 512.454 299.570 6.389 18166.896 -88.579 1.000
-1.099 511.999 294.416 6.394 18166.896 -88.579 1.000
90.497 511.553 289.352 6.399 18166.896 -88.579 1.000
182.819 511.102 284.248 6.404 18166.896 -88.579 1.000
275.524 510.650 279.124 6.409 18166.896 -88.579 1.000
367.717 510.201 274.027 6.414 18166.896 -88.579 1.000
311.860 494.860 273.009 6.420 9339.327 -1000.886 1.000
336.846 494.178 274.765 6.425 7607.502 -718.345 1.000
363.558 494.883 271.730 6.430 6648.196 -373.941 1.000
396.417 493.762 267.151 6.435 6459.239 -309.834 1.000
429.315 493.511 260.536 6.440 6473.141 -204.123 1.000
462.573 493.610 256.475 6.446 6436.843 -146.945 1.000
493.787 491.715 250.287 6.451 6334.917 -185.080 1.000
522.699 490.426 243.792 6.456 6101.933 -200.788 1.000
551.454 489.748 238.527 6.461 5830.852 -192.968 1.000
588.199 488.684 230.624 6.466 6211.443 -225.595 1.000
622.361 487.832 221.425 6.471 6384.733 -179.166 1.000
654.872 486.006 215.259 6.477 6471.171 -225.430 1.000
671.115 483.185 211.981 6.482 5261.504 -337.806 1.000
704.910 482.120 205.282 6.487 5494.685 -313.663 1.000
738.020 481.289 198.480 6.492 5777.554 -240.326 1.000
773.428 480.744 189.852 6.497 6260.194 -161.172 1.000
809.309 479.296 180.712 6.502 6745.188 -143.272 1.000
846.656 475.234 171.288 6.507 7149.552 -419.015 1.000
878.323 471.802 165.153 6.512 6769.275 -522.477 1.000
897.717 473.914 155.039 6.518 5838.572 -293.654 1.000
926.208 472.314 148.580 6.523 5733.150 -288.411 1.000
951.793 470.179 139.082 6.528 5441.584 -342.766 1.000
986.123 467.354 127.487 6.533 5764.576 -410.023 1.000
1015.693 466.037 118.594 6.538 5763.349 -351.312 1.000
1047.768 464.403 108.806 6.544 5877.212 -330.548 1.000
1076.567 463.788 98.521 6.549 5839.671 -256.410 1.000
1102.571 462.592 85.627 6.554 5621.726 -236.067 1.000
1129.126 460.162 74.598 6.559 5470.179 -308.755 1.000
1155.359 458.964 64.302 6.564 5379.154 -288.060 1.000
1182.419 457.058 57.769 6.569 5264.302 -298.392 1.000
1214.998 453.332 43.073 6.574 5617.876 -443.035 1.000
1242.922 451.313 31.727 6.580 5566.610 -428.686 1.000
1271.646 449.329 19.389 6.585 5600.862 -439.082 1.000
1293.717 448.271 16.328 6.590 5126.836 -359.041 1.000
1314.505 444.924 24.344 6.595 4765.534 -422.030 1.000
1331.891 439.015 47.944 6.600 4335.076 -644.127 1.000
1345.044 434.071 70.651 6.605 3733.819 -782.961 1.000
1354.806 428.398 96.464 6.610 3068.964 -892.309 1.000
1370.428 423.751 112.501 6.616 3034.550 -895.529 1.000
1386.260 420.722 124.179 6.621 3109.199 -801.787 1.000
1401.632 416.968 139.448 6.626 3103.558 -780.052 1.000
1420.138 414.167 155.453 6.631 3276.710 -698.331 1.000
1433.985 409.247 177.609 6.636 3073.731 -763.310 1.000
1450.414 404.653 190.164 6.641 3138.445 -829.967 1.000
1465.502 400.713 203.360 6.646 3054.346 -802.547 1.000
1478.694 397.214 216.911 6.652 2807.737 -768.527 1.000
1494.242 393.425 230.917 6.657 2848.617 -740.053 1.000
1511.766 387.880 241.613 6.662 3029.941 -849.610 1.000
1529.167 383.501 251.332 6.667 3124.587 -849.945 1.000
1543.894 379.461 264.747 6.672 2984.146 -836.792 1.000
1558.921 376.037 275.849 6.677 2960.039 -776.319 1.000
1576.206 372.257 285.698 6.682 3156.255 -756.747 1.000
1592.294 368.055 296.835 6.688 3199.341 -770.962 1.000
1607.868 362.699 308.517 6.693 3197.049 -859.877 1.000
1618.976 358.471 324.818 6.698 2823.939 -849.645 1.000
1634.699 354.102 335.395 6.703 2865.586 -863.312 1.000
1650.867 351.557 341.453 6.708 2961.306 -741.918 1.000
1665.961 347.322 351.483 6.713 2957.000 -752.833 1.000
1680.870 342.330 362.479 6.718 2878.539 -834.409 1.000
1696.397 337.512 373.071 6.724 2869.353 -868.893 1.000
1711.542 336.986 374.308 6.729 2874.317 -640.698 1.000
