986.199 4.511 370.191 349.505 4172.279 -74.123 -1014.229
1006.947 3.962 364.625 349.510 4185.209 -107.456 -1199.634
1028.879 3.457 357.152 349.515 4208.973 -97.296 -1356.324
1049.194 3.062 350.592 349.520 4161.856 -66.577 -1394.175
1069.987 2.525 345.086 349.525 4161.992 -79.817 -1305.084
1090.282 1.789 338.161 349.530 4069.810 -101.530 -1154.989
1111.269 1.194 331.501 349.535 4055.780 -120.277 -1229.913
1131.618 0.867 324.759 349.541 4020.313 -107.696 -1176.593
1151.455 1.132 317.612 349.546 4026.745 -45.690 -1357.605
1172.409 0.716 309.119 349.551 4034.325 -43.330 -1534.971
1194.470 -0.256 301.453 349.556 4200.562 -67.852 -1566.144
1215.109 -0.704 295.128 349.561 4152.685 -50.669 -1504.929
1237.397 -1.458 287.377 349.566 4258.569 -105.901 -1424.934
1255.660 -1.770 279.666 349.571 4006.175 -96.841 -1445.021
1275.518 -2.708 272.144 349.576 3976.352 -154.641 -1402.904
1296.260 -3.621 264.485 349.581 4004.059 -188.699 -1509.411
1316.517 -4.050 255.833 349.586 4001.200 -152.080 -1532.632
1337.666 -4.949 246.334 349.591 3938.011 -113.861 -1711.005
1356.056 -5.054 237.126 349.596 3901.135 -89.892 -1851.692
1427.223 -27.987 218.346 349.601 4432.486 66.641 -1751.739
1448.633 -27.590 208.949 349.606 4323.042 56.534 -1920.493
1470.250 -27.823 199.198 349.611 4116.414 -47.932 -1890.311
1489.893 -28.418 189.978 349.616 4036.334 -57.299 -1892.464
1509.677 -28.408 180.037 349.621 3962.497 -64.270 -1969.030
1529.837 -28.809 169.787 349.626 3944.763 -52.108 -2025.683
1549.643 -28.960 159.320 349.631 3952.189 -58.171 -1977.584
1568.860 -29.644 150.012 349.636 3845.302 -70.570 -2026.196
1588.531 -29.479 139.125 349.641 3808.752 -57.145 -2068.442
1607.595 -29.935 128.692 349.646 3770.787 -32.433 -2097.043
1626.153 -30.889 117.761 349.651 3786.900 -99.124 -2178.266
1646.507 -30.929 106.152 349.656 3852.426 -100.848 -2238.432
1665.859 -31.422 95.026 349.661 3862.145 -86.356 -2241.726
1685.165 -31.675 83.485 349.666 3925.337 -56.157 -2240.497
1704.432 -31.776 71.220 349.671 3901.252 -57.525 -2365.234
1723.255 -32.165 59.641 349.677 3820.007 -78.973 -2338.025
1741.439 -33.492 53.276 349.682 3755.790 -109.293 -1945.813
1758.319 -34.612 51.768 349.687 3556.224 -149.901 -1115.819
1774.960 -35.324 53.157 349.692 3302.992 -213.004 -151.499
1790.501 -35.263 55.448 349.697 3140.198 -105.721 697.265
1804.975 -36.152 63.065 349.702 2925.200 -233.721 1242.451
1819.125 -37.045 71.893 349.707 2835.461 -118.204 1741.963
1833.284 -38.033 81.524 349.712 2736.379 -102.840 2172.347
1847.445 -38.965 92.044 349.717 2691.826 -89.135 2164.758
1861.381 -39.732 102.724 349.722 2709.788 -121.780 2110.561
1876.229 -40.029 112.764 349.727 2810.180 -118.743 2031.537
1889.899 -40.447 122.174 349.732 2853.228 -129.699 1908.484
1903.353 -41.243 131.989 349.737 2826.265 -128.975 1919.926
1917.108 -41.175 141.292 349.742 2738.266 -55.816 1858.982
1931.387 -41.520 151.494 349.747 2783.694 -56.942 1858.108
1945.405 -42.154 160.613 349.752 2707.148 -32.112 1827.738
1958.821 -42.703 169.510 349.757 2657.415 -62.570 1768.970
1972.254 -43.171 178.017 349.762 2601.200 -96.789 1718.268
1985.879 -43.386 185.832 349.767 2708.416 -63.588 1590.659
1998.753 -43.573 192.313 349.772 2650.290 -75.175 1542.668
2011.094 -44.244 200.456 349.777 2596.041 -96.188 1492.852
2025.167 -44.663 208.933 349.782 2645.312 -100.486 1460.661
2039.397 -45.643 216.121 349.787 2663.663 -93.517 1428.230
2051.864 -45.953 223.280 349.792 2616.059 -88.768 1400.973
2064.728 -46.241 230.573 349.797 2568.440 -86.585 1409.212
2078.515 -46.675 236.280 349.802 2604.533 -99.946 1287.107
2090.644 -46.699 241.716 349.807 2577.409 -21.986 1103.168
2103.748 -47.101 247.064 349.812 2579.781 -64.901 1149.470
2118.094 -47.263 252.658 349.817 2600.901 -38.739 1007.837
2131.865 -47.571 258.924 349.823 2634.397 -12.799 1023.233
2145.579 -48.496 263.696 349.828 2762.763 -107.758 936.977
2158.366 -48.810 268.809 349.833 2662.300 -102.204 934.061
2171.263 -49.669 273.108 349.838 2574.480 -141.275 948.631
2183.418 -50.120 276.664 349.843 2529.204 -159.978 759.075
2196.655 -50.458 280.492 349.848 2520.650 -150.913 806.568
2209.509 -51.066 284.599 349.853 2434.378 -101.687 712.583
2223.201 -51.336 289.034 349.858 2533.339 -60.769 720.814
2236.766 -52.087 291.986 349.863 2594.884 -64.144 638.770
2251.128 -52.240 295.075 349.868 2760.107 -79.218 557.560
2264.395 -52.603 297.541 349.873 2718.509 -45.599 513.028
2276.606 -52.884 299.762 349.878 2565.941 -71.747 424.598
2288.821 -52.969 300.906 349.883 2555.899 -57.600 418.031
2300.112 -53.564 303.568 349.888 2400.516 -63.466 339.272
2312.828 -53.980 306.396 349.893 2351.202 -70.286 409.518
2325.384 -53.757 308.040 349.898 2317.182 -0.095 361.286
2338.605 -54.135 309.528 349.903 2393.847 -42.762 301.192
2350.867 -54.612 310.844 349.908 2527.811 -53.331 277.269
2363.668 -54.722 311.748 349.913 2624.933 -34.360 199.883
2376.438 -54.688 311.925 349.918 2604.427 -13.497 42.979
2387.811 -54.583 313.226 349.923 2363.289 -8.319 74.197
2400.220 -54.579 313.335 349.928 2392.874 -4.731 41.493
2412.085 -54.909 314.673 349.933 2307.843 -15.239 84.139
2424.440 -54.749 314.111 349.938 2294.238 45.886 -18.143
2435.812 -54.713 313.613 349.943 2300.995 38.273 -97.661
2447.549 -55.283 312.843 349.948 2285.212 -44.457 -170.755
2459.183 -55.602 311.018 349.954 2337.094 -71.213 -345.257
2471.285 -55.780 309.877 349.959 2383.826 -118.826 -356.291
2483.496 -56.751 308.581 349.964 2404.104 -145.682 -333.133
2496.812 -57.383 307.785 349.969 2466.209 -125.064 -284.867
2509.225 -57.945 306.011 349.974 2462.951 -149.650 -320.554
2522.827 -57.740 303.436 349.979 2610.967 -61.486 -431.934
2535.116 -57.757 300.696 349.984 2556.450 13.119 -516.938
2548.510 -57.995 297.145 349.989 2590.790 -5.872 -654.151
2561.479 -58.007 293.379 349.994 2637.591 19.237 -800.595
2574.847 -57.795 289.727 349.999 2643.840 28.833 -781.746
2587.223 -57.972 286.264 350.004 2530.680 23.672 -787.674
2597.974 -58.157 282.567 350.009 2407.628 -12.183 -803.440
2610.194 -58.628 278.209 350.014 2336.699 -82.676 -818.979
2621.314 -59.223 274.169 350.019 2297.168 -87.569 -824.424
2633.296 -59.583 269.793 350.024 2205.104 -74.699 -821.750
2644.998 -60.304 265.514 350.029 2255.954 -139.351 -891.560
2655.442 -60.602 261.116 350.034 2183.927 -107.867 -883.548
2667.750 -60.817 256.133 350.039 2328.350 -87.976 -925.155
2680.310 -60.857 250.639 350.044 2417.527 -46.911 -1009.041
2692.047 -60.055 245.076 350.049 2331.650 61.063 -1048.925
2703.450 -60.145 239.447 350.054 2355.194 61.313 -1130.870
2714.067 -60.460 233.517 350.059 2205.836 22.784 -1174.533
2725.521 -60.498 227.731 350.064 2192.358 28.240 -1191.100
2736.924 -60.784 221.635 350.069 2232.288 -100.954 -1191.401
2749.311 -60.916 214.736 350.074 2271.877 -93.641 -1218.334
2760.197 -61.268 207.474 350.079 2233.116 -85.084 -1299.937
2771.871 -61.312 200.227 350.084 2327.402 -98.453 -1387.778
2784.679 -61.797 192.329 350.089 2453.000 -50.313 -1479.249
2796.646 -62.344 184.914 350.095 2488.052 -68.084 -1496.391
2808.442 -62.510 177.066 350.100 2386.225 -79.014 -1542.111
2820.473 -62.846 170.079 350.105 2305.127 -62.140 -1455.622
2830.826 -63.008 161.791 350.110 2226.144 -31.650 -1584.981
2841.582 -62.878 152.146 350.115 2224.314 -22.672 -1653.023
2851.481 -62.958 144.425 350.120 2059.543 -21.354 -1604.759
2860.213 -63.228 136.263 350.125 1847.816 -2.756 -1592.284
2871.800 -63.357 126.181 350.130 2011.518 -4.129 -1782.447
2882.540 -63.591 116.749 350.135 2084.134 -49.511 -1818.342
2893.649 -64.022 109.120 350.140 2224.256 -84.645 -1702.803
2905.611 -63.849 99.715 350.145 2264.869 -31.038 -1838.558
2918.118 -63.835 88.976 350.150 2421.451 -53.312 -1839.184
2928.788 -63.891 77.321 350.155 2443.053 -28.329 -2046.641
2937.083 -62.200 70.505 350.160 2184.323 124.921 -1732.421
16116.244 -294020.847 25807.756 350.165 1012235.328 2908580.691 1281.349
