818.198 508.417 473.080 12.579 4872.744 -242.566 -544.624
896.085 505.142 464.429 12.595 4673.028 -164.110 -721.058
920.316 503.899 461.784 12.600 4593.030 -179.719 -594.560
943.834 502.998 458.208 12.605 4607.818 -181.871 -640.513
966.611 502.387 455.193 12.610 4686.138 -191.947 -708.856
990.399 501.415 451.219 12.615 4718.492 -219.340 -753.719
1014.167 500.231 447.295 12.620 4903.185 -189.310 -995.370
1038.315 499.417 443.183 12.625 4855.614 -160.185 -1066.731
1062.676 498.582 438.163 12.630 4724.136 -117.668 -856.044
1085.908 497.591 432.733 12.635 4665.231 -149.886 -915.157
1109.199 496.897 427.618 12.640 4628.629 -190.477 -976.848
1215.060 460.302 380.721 12.645 4763.101 -249.655 -869.389
1238.437 459.307 376.133 12.651 4672.506 -213.768 -912.676
1263.424 457.881 371.845 12.656 4399.270 -73.993 -1066.719
1286.158 457.389 366.361 12.661 4381.958 -63.337 -1124.618
1308.553 456.685 360.962 12.666 4368.362 -71.967 -1158.259
1330.024 456.266 353.957 12.671 4425.573 -94.384 -1095.773
1352.106 455.938 348.853 12.676 4500.452 -134.533 -1087.164
1374.318 455.352 342.985 12.681 4368.149 -115.984 -1345.315
1396.245 454.532 336.647 12.686 4314.597 -135.101 -1347.454
1418.461 454.064 329.969 12.691 4323.654 -142.168 -1389.624
1440.468 453.243 322.762 12.696 4305.393 -182.448 -1455.628
1462.557 452.215 315.698 12.701 4352.314 -178.951 -1493.468
1483.902 451.275 308.629 12.706 4342.780 -174.124 -1564.174
1505.501 450.544 300.302 12.711 4428.614 -192.198 -1420.964
1527.636 449.674 292.870 12.716 4342.801 -179.417 -1595.574
1549.098 448.876 284.859 12.721 4265.088 -170.211 -1640.298
1571.097 448.185 276.774 12.726 4272.108 -127.249 -1711.285
1592.931 447.496 268.039 12.731 4232.489 -127.224 -1733.041
1614.372 446.745 259.136 12.736 4235.896 -69.589 -1777.939
1635.805 446.244 250.498 12.741 4225.741 -86.881 -1878.888
1656.375 445.632 240.757 12.746 4267.010 -98.813 -1801.944
1677.827 445.195 231.636 12.751 4241.170 -105.168 -1925.252
1698.816 444.556 222.173 12.756 4149.198 -125.555 -1948.022
1719.718 443.850 212.441 12.761 4164.112 -153.368 -1986.877
1741.265 443.003 202.261 12.766 4107.262 -195.669 -2030.775
1761.736 441.998 191.978 12.771 4110.108 -208.183 -2070.518
1782.253 441.172 181.556 12.776 4081.107 -232.494 -2111.399
1802.412 440.004 170.531 12.781 4090.424 -223.374 -2124.648
1822.660 438.918 159.805 12.786 4044.498 -206.528 -2191.271
1843.217 437.925 149.154 12.791 4040.745 -210.219 -2232.217
1863.804 437.052 138.005 12.796 4037.643 -186.348 -2264.095
1884.926 435.978 126.135 12.802 4024.043 -175.007 -2302.909
1905.403 434.974 114.163 12.807 4062.144 -167.501 -2359.945
1925.756 434.132 102.271 12.812 4128.160 -177.825 -2417.574
1945.886 433.410 90.324 12.817 4116.834 -160.392 -2449.418
1966.653 432.319 78.909 12.822 4093.350 -193.420 -2382.346
1986.171 432.095 69.662 12.827 4019.864 -121.388 -2053.835
2005.029 431.532 64.026 12.832 3823.128 -85.369 -1352.221
2023.259 430.587 61.060 12.837 3537.893 -99.592 -475.159
2040.805 429.673 59.723 12.842 3283.173 -97.402 474.757
2057.743 428.989 60.334 12.847 3054.245 -98.869 1329.706
2073.754 428.268 64.042 12.852 2838.030 -130.913 2023.805
2088.623 428.076 73.554 12.857 2753.858 -194.400 2111.740
2102.421 427.022 83.235 12.862 2750.991 -156.745 2388.700
2116.918 426.212 94.817 12.867 2775.335 -180.811 2317.353
2130.757 425.102 106.459 12.872 2787.765 -211.647 2285.655
2144.743 424.008 118.153 12.877 2817.350 -206.130 2230.600
2158.686 423.247 128.847 12.882 2803.090 -211.107 2169.619
2172.788 422.304 139.132 12.887 2848.019 -216.264 2025.846
2187.256 421.150 149.676 12.892 2862.997 -175.026 1927.790
2201.650 420.227 159.587 12.897 2813.217 -198.355 1849.934
2215.550 419.355 168.943 12.902 2797.588 -190.843 1853.690
2229.590 418.293 178.523 12.907 2729.152 -166.518 1821.945
2242.977 417.466 187.862 12.912 2717.036 -141.855 1756.184
2256.531 416.944 196.515 12.917 2653.522 -136.749 1721.887
2270.065 416.383 204.792 12.922 2626.084 -114.789 1738.688
2283.760 415.436 213.175 12.927 2572.211 -128.997 1707.412
2296.806 414.743 221.951 12.932 2566.695 -133.131 1715.051
2310.020 413.974 230.489 12.938 2590.083 -150.994 1622.995
2323.148 413.198 239.102 12.943 2644.860 -141.397 1555.786
2336.666 412.465 246.419 12.948 2692.018 -171.854 1494.073
2350.013 411.803 253.643 12.953 2714.038 -184.925 1430.509
2363.230 411.117 260.511 12.958 2682.649 -170.542 1311.402
2376.760 410.363 267.521 12.963 2653.266 -127.127 1236.391
2389.932 409.548 274.058 12.968 2725.120 -107.004 1259.738
2403.746 408.558 280.298 12.973 2645.694 -125.084 1213.765
2417.001 408.001 286.049 12.978 2607.197 -128.479 1109.032
2429.875 407.294 291.914 12.983 2522.362 -143.882 1075.344
2442.934 406.393 297.003 12.988 2510.436 -162.737 1072.058
2455.312 405.774 302.247 12.993 2507.487 -184.430 1013.852
2468.402 404.994 307.285 12.998 2562.212 -205.514 964.141
2481.707 404.079 312.244 13.003 2602.109 -205.964 1015.529
2494.441 403.047 316.871 13.008 2645.058 -186.804 932.903
2507.428 402.206 321.103 13.013 2549.950 -151.746 819.033
2520.152 401.331 325.334 13.018 2663.248 -143.185 744.304
2533.220 400.680 329.106 13.023 2637.202 -139.905 690.827
2546.327 399.970 332.561 13.028 2539.910 -111.260 648.544
2558.783 399.166 335.977 13.033 2484.563 -147.577 601.545
2571.850 398.458 338.755 13.038 2400.250 -130.552 476.603
2583.872 397.909 340.780 13.043 2399.271 -135.073 488.297
2595.709 397.353 343.122 13.048 2351.760 -119.782 367.100
2607.241 396.901 345.203 13.053 2291.755 -101.599 316.995
2618.063 396.656 346.802 13.058 2089.206 -30.221 224.941
