731.728 530.555 428.926 206.469 4614.102 215.532 -595.374
754.983 531.461 425.086 206.474 4728.039 218.259 -588.794
778.734 532.132 419.887 206.479 4655.409 192.861 -522.587
802.320 533.605 416.692 206.484 4618.984 179.022 -749.828
826.109 534.739 413.094 206.489 4685.472 172.418 -794.393
849.596 535.504 409.133 206.494 4670.268 174.596 -801.719
872.397 536.260 404.644 206.499 4617.710 214.060 -891.477
894.720 537.511 401.831 206.504 4592.267 221.176 -800.510
916.442 538.085 396.356 206.509 4368.368 177.477 -891.684
939.760 538.835 388.809 206.514 4413.116 188.112 -986.500
961.993 539.993 383.843 206.519 4443.499 180.710 -1177.249
985.834 541.215 378.046 206.524 4492.325 171.122 -1198.440
1009.105 542.536 372.216 206.529 4547.134 238.246 -1266.104
1031.710 543.566 365.896 206.534 4626.219 267.929 -1299.396
1053.884 544.908 361.391 206.539 4644.590 293.708 -1089.114
1076.881 545.732 354.774 206.544 4612.795 272.059 -1114.125
1099.665 546.328 346.015 206.549 4557.786 207.352 -1140.059
1122.172 547.299 338.821 206.554 4363.607 181.507 -1206.623
1144.540 548.772 332.208 206.559 4401.850 183.473 -1464.666
1247.041 520.692 290.498 206.564 4493.447 207.182 -1470.229
1269.465 521.887 283.154 206.569 4460.849 222.531 -1470.374
1292.196 522.617 276.118 206.574 4280.403 259.478 -1575.852
1313.722 523.599 269.246 206.579 4322.990 227.535 -1560.621
1335.213 524.981 261.314 206.584 4255.797 246.856 -1547.848
1355.791 526.552 252.774 206.589 4224.302 249.353 -1511.736
1376.992 527.803 244.579 206.594 4212.902 239.704 -1578.393
1398.760 529.144 235.889 206.600 4163.193 236.762 -1623.502
1420.050 530.054 227.097 206.605 4204.142 257.902 -1702.566
1441.262 531.264 218.633 206.610 4183.230 235.358 -1839.543
1462.374 532.344 209.644 206.615 4197.900 232.864 -1875.886
1483.120 533.555 200.678 206.620 4210.164 209.828 -1907.277
1503.998 534.849 190.911 206.625 4180.114 198.755 -1844.907
1524.209 535.440 181.279 206.630 4107.964 156.020 -1873.477
1544.717 536.415 171.233 206.635 4046.702 162.920 -1885.382
1565.021 537.427 160.990 206.640 4016.552 192.418 -1971.316
1585.563 538.561 150.607 206.645 3992.267 216.422 -2058.699
1605.644 539.848 139.985 206.650 4015.689 226.505 -2148.729
1625.390 540.873 128.943 206.655 3980.223 219.493 -2231.525
1645.353 542.196 118.575 206.660 3977.894 247.006 -2175.799
1665.793 543.531 107.089 206.665 4036.959 278.203 -2215.558
1686.605 544.982 95.321 206.670 4012.183 272.119 -2238.566
1705.887 546.290 83.868 206.675 3950.339 263.567 -2268.550
1725.990 547.638 72.156 206.680 3958.137 261.891 -2280.298
1745.444 548.669 63.578 206.685 3925.602 241.867 -2000.636
1764.334 548.725 55.412 206.690 3873.561 133.696 -1731.050
1782.586 549.217 52.897 206.695 3755.965 93.456 -992.216
1801.061 550.724 52.007 206.700 3609.226 69.894 -528.792
1817.748 550.706 55.504 206.705 3395.791 6.487 419.687
1833.747 550.600 60.869 206.710 3209.354 -37.684 1262.706
1850.045 550.887 67.748 206.715 3077.433 -43.413 1897.497
1865.664 550.662 76.895 206.720 3001.333 39.234 2198.154
1880.317 550.824 87.151 206.725 2932.960 45.894 2239.730
1894.721 550.940 98.376 206.730 2907.873 49.114 2199.796
1910.175 550.822 109.148 206.736 2922.690 31.973 2107.038
1925.346 551.453 119.914 206.741 2948.520 74.180 2064.019
1940.468 551.711 129.662 206.746 2980.517 63.368 1988.055
1955.238 551.959 139.259 206.751 2943.015 31.648 1939.701
1969.465 552.078 148.784 206.756 2917.668 17.850 1897.201
1983.484 552.089 158.358 206.761 2866.129 21.032 1842.931
1998.510 552.389 167.688 206.766 2884.974 45.973 1822.622
2012.951 552.748 176.669 206.771 2851.455 52.706 1784.684
2027.120 553.128 185.338 206.776 2745.742 54.397 1754.299
2041.429 553.162 193.879 206.781 2843.059 39.297 1677.809
2056.175 553.488 201.589 206.786 2884.534 86.754 1619.738
2070.297 553.934 209.328 206.791 2867.740 76.494 1533.315
2084.442 554.024 216.534 206.796 2873.800 51.589 1400.328
2099.008 554.090 224.504 206.801 2871.682 21.154 1393.016
2113.416 554.742 231.771 206.806 2810.422 37.968 1386.282
2127.485 554.924 238.304 206.811 2796.243 54.964 1285.630
2142.089 554.917 244.432 206.816 2850.616 33.955 1266.171
2155.419 555.207 250.487 206.821 2721.582 36.408 1260.930
2169.392 555.556 256.175 206.826 2791.790 62.187 1155.907
2183.208 555.869 262.160 206.831 2754.005 66.321 1098.195
2197.044 556.081 268.028 206.836 2713.830 82.264 1069.868
2211.366 556.595 274.348 206.841 2754.523 74.014 1040.703
2225.496 556.840 278.520 206.846 2660.806 83.130 911.686
2239.097 557.171 283.233 206.851 2754.221 90.498 969.046
2253.085 557.152 287.869 206.857 2782.957 58.133 956.096
2266.266 557.315 292.643 206.862 2751.611 -13.100 920.345
2279.946 557.533 296.884 206.867 2665.402 30.868 794.207
2293.265 557.840 301.359 206.872 2639.612 48.845 725.035
2307.542 558.192 305.766 206.877 2662.004 66.986 739.443
2321.231 558.404 308.769 206.882 2604.330 73.356 667.024
2334.475 558.581 310.397 206.887 2689.268 74.104 567.946
2348.322 559.128 312.762 206.892 2772.080 105.943 463.112
2361.625 559.558 315.335 206.897 2725.722 114.885 437.785
2375.067 559.725 318.231 206.902 2705.162 76.722 350.975
2388.863 560.298 320.221 206.907 2705.562 64.572 334.721
2402.802 560.393 322.959 206.912 2688.493 54.395 365.048
2416.134 561.003 324.304 206.917 2588.515 95.392 368.015
2429.012 561.455 324.941 206.922 2645.405 93.523 349.957
2442.533 561.577 325.793 206.927 2622.521 63.722 266.610
2455.883 562.107 326.782 206.932 2720.436 85.620 167.648
2469.553 562.191 327.560 206.937 2702.783 59.639 10.262
2482.878 562.330 328.000 206.942 2651.571 58.377 -34.119
2496.723 562.695 328.553 206.947 2693.519 28.491 -12.101
2509.118 563.065 328.422 206.952 2627.137 48.583 -60.217
2521.954 563.458 327.298 206.957 2606.950 35.642 -41.973
2535.172 564.010 327.023 206.962 2575.350 94.765 -68.655
2548.122 564.210 326.485 206.967 2518.215 74.871 -71.874
2560.252 564.332 326.091 206.972 2519.355 64.396 -104.562
2573.634 564.606 325.074 206.977 2524.448 79.622 -207.909
2586.429 564.802 323.679 206.982 2587.552 33.637 -316.377
2600.033 565.182 322.472 206.987 2652.470 16.203 -334.875
2612.801 565.425 320.416 206.992 2618.462 48.365 -447.769
2625.857 565.489 317.976 206.997 2601.715 19.759 -423.985
2637.889 565.539 315.869 207.002 2587.773 22.927 -466.117
2650.570 565.914 313.566 207.007 2496.419 56.298 -506.619
2664.060 565.831 310.786 207.012 2548.663 33.153 -568.752
2676.682 566.437 307.477 207.018 2439.278 66.967 -589.206
2689.048 566.695 304.622 207.023 2423.917 83.640 -610.400
2701.563 567.308 301.185 207.028 2456.034 85.341 -704.593
2713.274 567.893 297.524 207.033 2482.698 122.344 -701.669
2725.684 568.175 294.054 207.038 2457.335 119.625 -734.152
2738.466 568.189 290.779 207.043 2478.654 37.719 -690.667
2751.465 568.571 287.385 207.048 2512.087 55.520 -715.237
2764.075 568.860 284.325 207.053 2460.227 73.729 -629.106
2775.715 569.226 280.995 207.058 2534.276 10.092 -617.363
2787.133 569.370 278.491 207.063 2374.999 37.072 -542.043
2799.405 569.466 276.131 207.068 2375.577 5.149 -470.016
2811.336 569.531 274.427 207.073 2383.094 15.363 -396.456
