15315.124 -7520.838 7277.315 19.952 -662634.383 197408.803 2.000
-3467.994 1740.652 813.221 19.957 -16024.238 -23177.683 2.000
1863.624 395.852 449.970 19.962 -2259.421 383.495 2.000
1852.330 397.717 451.425 19.967 -2181.574 401.987 2.000
1840.994 399.975 452.967 19.972 -2126.792 351.557 2.000
1830.599 401.557 454.345 19.977 -2144.251 345.427 2.000
1819.574 403.000 455.471 19.982 -2139.880 326.334 2.000
1808.682 404.607 456.021 19.987 -2146.018 316.277 2.000
1798.283 406.296 456.626 19.992 -2070.112 324.441 2.000
1787.669 408.232 456.703 19.997 -2059.119 289.522 2.000
1777.540 409.959 456.381 20.002 -2032.214 314.831 2.000
1767.414 411.514 455.919 20.007 -2067.708 316.801 2.000
1757.246 413.024 455.511 20.012 -2063.633 330.992 2.000
1747.037 414.703 454.330 20.017 -1979.403 379.770 2.000
1736.606 416.354 453.010 20.022 -1954.470 382.876 2.000
1726.464 418.032 451.531 20.027 -2034.426 337.102 2.000
1716.656 420.018 449.892 20.032 -2066.533 322.806 2.000
1705.983 421.602 448.367 20.037 -2078.560 312.010 2.000
1695.475 423.152 446.604 20.042 -2107.965 313.773 2.000
1685.180 424.798 444.551 20.047 -2172.569 291.094 2.000
1674.574 426.199 442.451 20.052 -2140.348 277.475 2.000
1664.077 427.724 439.692 20.057 -2150.272 273.836 2.000
1652.991 429.105 437.306 20.062 -2121.016 310.032 2.000
1642.309 430.593 434.194 20.067 -2093.470 307.419 2.000
1632.092 432.342 430.814 20.072 -2112.931 285.936 2.000
1621.456 433.821 427.075 20.077 -2141.438 283.968 2.000
1610.927 435.128 423.136 20.082 -2076.132 285.092 2.000
1600.986 436.762 418.647 20.087 -2017.350 300.298 2.000
1590.745 438.308 413.765 20.092 -1977.770 316.053 2.000
1580.828 440.034 408.926 20.097 -1961.643 359.090 2.000
1570.595 442.008 404.167 20.102 -1938.054 364.967 2.000
1560.847 443.524 398.731 20.107 -1936.635 369.749 2.000
1551.020 445.322 393.369 20.112 -1974.615 352.426 2.000
1541.209 446.960 387.470 20.117 -1958.281 336.440 2.000
1531.411 448.450 381.602 20.122 -2009.742 318.067 2.000
1521.022 450.285 375.623 20.127 -2073.580 278.944 2.000
1510.721 451.845 369.025 20.132 -2053.004 287.453 2.000
1500.441 453.486 362.312 20.137 -2066.850 260.420 2.000
1490.551 454.746 355.789 20.142 -2000.690 273.192 2.000
1480.804 455.902 348.664 20.147 -2015.653 253.620 2.000
1470.650 457.315 341.475 20.152 -1981.122 256.546 2.000
1460.857 458.684 333.563 20.157 -1916.214 287.140 2.000
1451.323 460.201 325.616 20.162 -1878.537 315.330 2.000
1441.783 461.855 316.941 20.167 -1810.752 312.199 2.000
1432.527 463.381 308.123 20.172 -1812.982 309.347 2.000
1428.352 459.849 319.623 20.177 -1883.068 284.466 1.000
1418.925 461.278 310.550 20.182 -1856.755 303.664 1.000
1409.821 462.508 301.752 20.187 -1844.958 294.013 1.000
1400.506 464.092 292.293 20.192 -1868.350 260.378 1.000
1390.995 465.599 282.814 20.197 -1867.243 276.827 1.000
1381.577 467.060 273.149 20.202 -1907.086 316.984 1.000
1372.010 468.738 263.197 20.208 -1901.789 298.821 1.000
1362.704 470.121 253.569 20.213 -1881.156 351.817 1.000
1346.156 477.321 223.416 20.218 -1998.383 333.663 2.000
1336.461 478.862 213.419 20.223 -1843.110 257.238 2.000
1327.459 480.413 202.260 20.228 -1841.902 267.906 2.000
1320.765 481.122 194.628 20.233 -1540.773 196.297 2.000
1312.708 482.250 185.708 20.238 -1298.076 135.334 2.000
1307.168 483.098 178.440 20.243 -1211.005 151.386 2.000
1301.212 483.587 170.504 20.248 -1001.124 101.273 2.000
1288.882 482.128 163.827 20.253 -1848.612 303.423 1.000
1279.404 483.498 150.911 20.258 -1829.640 312.053 1.000
1270.438 484.580 138.319 20.263 -1840.225 321.594 1.000
1261.767 486.005 125.907 20.268 -1789.080 302.971 1.000
1252.474 488.152 112.752 20.273 -1804.023 324.169 1.000
1243.405 489.782 99.957 20.278 -1804.023 324.169 1.000
1233.346 491.810 90.128 20.283 -1836.869 378.265 1.000
1222.906 493.973 83.044 20.288 -2011.080 469.708 1.000
1137.064 505.070 136.691 20.333 -1979.928 269.564 1.000
1126.904 506.494 147.302 20.338 -1998.496 257.703 1.000
1117.262 507.856 157.487 20.343 -1983.191 241.164 1.000
1107.864 509.156 167.148 20.348 -2015.750 227.248 1.000
1096.936 510.400 177.344 20.353 -1976.527 199.861 1.000
1087.272 511.522 186.201 20.358 -1948.656 160.030 1.000
1077.059 512.347 197.308 20.363 -1936.041 216.282 1.000
1067.164 513.368 206.336 20.368 -1951.090 268.195 1.000
1057.654 514.701 214.840 20.373 -2012.306 247.366 1.000
1048.053 515.756 224.338 20.378 -1977.010 242.684 1.000
1038.146 516.932 232.917 20.383 -1924.301 229.279 1.000
1028.176 518.103 240.366 20.388 -1987.012 235.027 1.000
1018.126 519.088 248.475 20.393 -1919.197 229.897 1.000
1008.304 520.276 256.100 20.398 -2029.954 230.693 1.000
997.846 521.882 263.121 20.403 -2001.269 210.868 1.000
987.980 523.084 269.896 20.408 -1976.555 223.162 1.000
978.047 524.006 276.085 20.413 -1994.071 258.651 1.000
968.920 524.871 282.639 20.418 -1975.962 254.932 1.000
958.937 526.327 288.741 20.423 -1925.878 253.427 1.000
947.975 527.864 294.143 20.428 -2010.877 299.513 1.000
938.673 529.052 300.156 20.433 -1976.514 296.753 1.000
929.159 530.954 305.623 20.438 -1718.497 326.845 1.000
920.209 532.412 310.655 20.443 -1770.695 295.027 1.000
911.029 534.143 315.128 20.448 -1779.760 362.982 1.000
902.248 535.902 319.397 20.453 -1782.492 390.950 1.000
892.650 537.362 322.368 20.458 -1851.120 410.143 1.000
882.544 539.168 325.210 20.463 -1802.054 307.985 1.000
872.579 541.336 327.891 20.468 -1877.259 365.255 1.000
864.906 542.498 330.538 20.473 -2077.641 331.939 1.000
854.493 544.161 331.733 20.478 -2077.641 331.939 1.000
843.800 545.179 333.284 20.483 -2137.022 247.484 1.000
833.899 546.809 334.954 20.488 -2090.254 127.980 1.000
823.753 547.382 336.661 20.493 -1999.031 96.637 1.000
812.873 549.209 337.931 20.499 -2004.181 294.246 1.000
803.186 550.079 340.179 20.504 -1984.605 253.929 1.000
793.237 552.293 342.200 20.509 -1841.609 286.997 1.000
782.632 553.126 342.790 20.514 -1841.822 309.486 1.000
774.855 553.851 344.667 20.519 -1825.292 388.019 1.000
766.225 555.216 345.642 20.524 -1805.689 326.822 1.000
756.044 557.453 346.059 20.529 -1871.387 389.517 1.000
746.783 559.365 346.675 20.534 -1770.895 292.928 1.000
739.007 561.287 347.145 20.539 -1855.464 272.670 1.000
728.137 562.426 347.496 20.544 -1662.625 205.753 1.000
719.543 563.527 348.595 20.549 -1916.694 342.793 1.000
498.978 592.112 255.056 20.672 -2662.352 594.486 1.000
485.655 595.087 248.094 20.677 -2662.352 594.486 1.000
473.316 597.511 242.465 20.682 -2426.661 458.907 1.000
463.711 598.430 237.158 20.687 -2074.738 259.994 1.000
454.214 599.643 229.909 20.692 -1701.425 51.604 1.000
444.229 600.816 226.065 20.697 -1180.186 -96.411 1.000
435.822 601.687 219.067 20.702 -928.280 -161.705 1.000
431.377 600.882 213.106 20.707 -854.878 -146.575 1.000
428.967 598.818 211.251 20.712 -1184.668 35.959 1.000
422.419 598.766 203.734 20.717 -1205.545 19.510 1.000
412.908 600.030 195.232 20.722 -1461.487 143.722 1.000
406.849 600.030 185.242 20.727 -1788.157 296.229 1.000
399.452 601.139 176.565 20.732 -1881.623 300.669 1.000
391.157 602.722 167.110 20.737 -2059.001 352.868 1.000
381.675 603.895 157.000 20.742 -2005.255 310.095 1.000
371.626 605.449 145.084 20.747 -2005.255 310.095 1.000
368.185 603.747 137.881 20.752 -1289.803 -26.161 1.000
356.797 605.761 124.694 20.757 -1147.013 -67.069 1.000
348.198 606.993 114.225 20.762 -1192.504 -45.345 1.000
341.971 607.350 104.586 20.767 -1488.650 128.285 1.000
334.007 608.025 96.178 20.772 -1769.284 243.690 1.000
326.113 608.824 89.351 20.777 -1848.284 352.471 1.000
320.620 608.873 85.465 20.782 -2173.305 463.170 1.000
309.033 611.050 80.808 20.787 -2156.903 521.093 1.000
301.645 611.862 80.288 20.792 -2353.579 580.396 1.000
287.048 616.405 77.106 20.797 -1627.202 278.379 1.000
278.657 617.798 79.368 20.802 -1701.192 267.015 1.000
269.476 619.345 85.292 20.807 -1722.773 217.459 1.000
260.430 620.266 93.831 20.813 -1661.670 199.513 1.000
252.117 621.265 102.801 20.818 -1661.670 199.513 1.000
243.504 622.649 111.600 20.823 -1857.224 226.829 1.000
234.912 623.433 120.020 20.828 -1752.516 218.328 1.000
226.261 624.373 129.339 20.833 -1830.654 183.514 1.000
216.993 625.671 138.438 20.838 -1870.226 151.949 1.000
207.396 626.309 147.088 20.843 -1746.480 164.569 1.000
198.762 627.216 155.956 20.848 -1739.584 166.610 1.000
190.137 628.254 164.473 20.853 -1719.632 204.919 1.000
181.550 629.277 171.829 20.858 -1719.632 204.919 1.000
174.239 630.084 178.311 20.863 -1447.343 144.931 1.000
167.188 630.596 185.709 20.868 -1427.257 181.176 1.000
159.601 631.412 191.504 20.873 -1136.247 149.649 1.000
153.505 632.064 197.513 20.878 -1209.629 129.031 1.000
147.344 632.792 203.668 20.883 -1140.161 80.914 1.000
141.672 633.168 209.552 20.888 -1084.967 60.874 1.000
