2610.000 10.000 0.000 25424.000
1920.000 70.000 1.000 25422.000
2560.000 70.000 0.000 25425.000
1990.000 140.000 1.000 25423.000
2520.000 140.000 0.000 25426.000
2050.000 220.000 1.000 25424.000
2490.000 220.000 0.000 25430.000
2110.000 280.000 1.000 25428.000
2430.000 270.000 0.000 25434.000
2160.000 360.000 1.000 25432.000
2400.000 330.000 0.000 25438.000
2190.000 400.000 1.000 25436.000
2370.000 370.000 0.000 25442.000
2210.000 440.000 1.000 25440.000
2340.000 400.000 0.000 25446.000
2240.000 470.000 1.000 25444.000
2320.000 440.000 0.000 25450.000
2260.000 520.000 1.000 25449.000
2300.000 460.000 0.000 25454.000
2290.000 550.000 1.000 25453.000
2270.000 500.000 0.000 25459.000
2310.000 590.000 1.000 25457.000
2250.000 540.000 0.000 25463.000
2330.000 640.000 1.000 25461.000
2220.000 600.000 0.000 25467.000
2360.000 670.000 1.000 25465.000
2210.000 650.000 0.000 25471.000
2380.000 710.000 1.000 25469.000
2190.000 680.000 0.000 25475.000
2410.000 750.000 1.000 25473.000
2160.000 730.000 0.000 25479.000
2440.000 790.000 1.000 25478.000
2140.000 770.000 0.000 25484.000
2450.000 840.000 1.000 25482.000
2120.000 810.000 0.000 25488.000
2470.000 890.000 1.000 25486.000
2100.000 860.000 0.000 25492.000
2500.000 940.000 1.000 25490.000
2070.000 900.000 0.000 25496.000
2530.000 980.000 1.000 25494.000
2050.000 950.000 0.000 25500.000
2550.000 1030.000 1.000 25498.000
2030.000 1000.000 0.000 25504.000
2570.000 1070.000 1.000 25503.000
2000.000 1050.000 0.000 25508.000
1980.000 1090.000 0.000 25518.000
2620.000 1170.000 1.000 25516.000
1950.000 1140.000 0.000 25519.000
2640.000 1220.000 1.000 25518.000
1930.000 1200.000 0.000 25521.000
2670.000 1270.000 1.000 25519.000
1910.000 1240.000 0.000 25525.000
2690.000 1310.000 1.000 25523.000
1890.000 1300.000 0.000 25529.000
2710.000 1370.000 1.000 25527.000
1860.000 1350.000 0.000 25533.000
2730.000 1420.000 1.000 25532.000
1840.000 1400.000 0.000 25538.000
2760.000 1470.000 1.000 25536.000
1820.000 1460.000 0.000 25542.000
2780.000 1530.000 1.000 25540.000
1790.000 1510.000 0.000 25546.000
2800.000 1580.000 1.000 25544.000
1770.000 1560.000 0.000 25550.000
2820.000 1630.000 1.000 25548.000
1750.000 1610.000 0.000 25554.000
2840.000 1680.000 1.000 25552.000
1720.000 1680.000 0.000 25558.000
2860.000 1740.000 1.000 25557.000
1700.000 1730.000 0.000 25562.000
2880.000 1800.000 1.000 25561.000
1670.000 1790.000 0.000 25567.000
2910.000 1860.000 1.000 25565.000
1650.000 1840.000 0.000 25571.000
2930.000 1910.000 1.000 25569.000
1620.000 1900.000 0.000 25575.000
2950.000 1970.000 1.000 25573.000
1610.000 1960.000 0.000 25579.000
2970.000 2030.000 1.000 25577.000
1590.000 2020.000 0.000 25583.000
2990.000 2090.000 1.000 25582.000
1560.000 2080.000 0.000 25587.000
3010.000 2140.000 1.000 25586.000
1540.000 2140.000 0.000 25592.000
3030.000 2200.000 1.000 25590.000
1510.000 2210.000 0.000 25596.000
3050.000 2260.000 1.000 25594.000
1490.000 2270.000 0.000 25600.000
3070.000 2320.000 1.000 25598.000
1460.000 2340.000 0.000 25604.000
3090.000 2390.000 1.000 25602.000
1440.000 2390.000 0.000 25608.000
3100.000 2450.000 1.000 25606.000
1420.000 2460.000 0.000 25612.000
3130.000 2520.000 1.000 25611.000
1390.000 2520.000 0.000 25617.000
3150.000 2590.000 1.000 25615.000
1350.000 2520.000 0.000 25621.000
3170.000 2580.000 1.000 25619.000
1320.000 2500.000 0.000 25625.000
3190.000 2570.000 1.000 25623.000
1280.000 2490.000 0.000 25629.000
3210.000 2550.000 1.000 25627.000
1250.000 2480.000 0.000 25633.000
3230.000 2550.000 1.000 25631.000
1210.000 2460.000 0.000 25637.000
3250.000 2530.000 1.000 25636.000
1180.000 2450.000 0.000 25641.000
3270.000 2520.000 1.000 25640.000
1130.000 2440.000 0.000 25646.000
3290.000 2510.000 1.000 25644.000
1110.000 2440.000 0.000 25650.000
3310.000 2500.000 1.000 25648.000
1070.000 2420.000 0.000 25654.000
3330.000 2490.000 1.000 25652.000
1030.000 2410.000 0.000 25658.000
3360.000 2480.000 1.000 25656.000
990.000 2400.000 0.000 25662.000
3380.000 2470.000 1.000 25660.000
960.000 2380.000 0.000 25666.000
3400.000 2460.000 1.000 25665.000
920.000 2380.000 0.000 25671.000
3420.000 2450.000 1.000 25669.000
880.000 2370.000 0.000 25675.000
3440.000 2450.000 1.000 25673.000
850.000 2360.000 0.000 25679.000
3460.000 2440.000 1.000 25677.000
810.000 2360.000 0.000 25683.000
3480.000 2440.000 1.000 25681.000
770.000 2350.000 0.000 25687.000
3500.000 2420.000 1.000 25685.000
740.000 2350.000 0.000 25691.000
3520.000 2430.000 1.000 25690.000
700.000 2340.000 0.000 25695.000
3540.000 2410.000 1.000 25694.000
660.000 2340.000 0.000 25700.000
3560.000 2410.000 1.000 25698.000
620.000 2330.000 0.000 25704.000
3580.000 2410.000 1.000 25702.000
590.000 2330.000 0.000 25708.000
3600.000 2410.000 1.000 25706.000
550.000 2330.000 0.000 25712.000
3620.000 2410.000 1.000 25710.000
510.000 2320.000 0.000 25716.000
3640.000 2400.000 1.000 25714.000
470.000 2320.000 0.000 25720.000
3660.000 2400.000 1.000 25719.000
430.000 2310.000 0.000 25725.000
3680.000 2400.000 1.000 25723.000
390.000 2320.000 0.000 25729.000
3700.000 2400.000 1.000 25727.000
360.000 2320.000 0.000 25733.000
3720.000 2400.000 1.000 25731.000
320.000 2310.000 0.000 25737.000
3740.000 2400.000 1.000 25735.000
280.000 2320.000 0.000 25741.000
3760.000 2410.000 1.000 25739.000
240.000 2320.000 0.000 25745.000
3780.000 2400.000 1.000 25744.000
200.000 2320.000 0.000 25749.000
3800.000 2410.000 1.000 25748.000
180.000 2320.000 0.000 25754.000
3820.000 2410.000 1.000 25752.000
140.000 2320.000 0.000 25758.000
3840.000 2420.000 1.000 25756.000
90.000 2330.000 0.000 25762.000
70.000 2330.000 0.000 25772.000
30.000 2340.000 0.000 25783.000
10.000 2340.000 0.000 25793.000
0.000 2340.000 0.000 25804.000
