397.449 821.654 -356.260 31.591 -3205.596 491.173 1.000
378.897 824.884 -385.158 31.597 -3519.506 583.820 1.000
360.380 828.045 -415.652 31.602 -3591.622 599.225 1.000
448.212 680.430 -219.440 33.795 3795.019 -507.258 1.000
467.399 677.866 -212.798 33.800 3795.019 -507.258 1.000
490.542 677.388 -209.203 33.805 4252.408 -269.510 1.000
515.350 677.320 -205.937 33.810 4435.039 -124.412 1.000
542.080 677.613 -203.768 33.815 5541.607 302.982 1.000
561.570 676.169 -198.915 33.820 6982.813 730.757 1.000
734.405 666.564 -40.851 34.337 -841.754 6.764 1.000
730.163 666.598 -39.991 34.342 -841.754 6.764 1.000
726.309 666.514 -38.866 34.347 -776.968 -20.479 1.000
669.970 663.037 -10.458 34.410 -949.617 -99.921 1.000
665.042 662.817 -7.839 34.415 -949.168 -155.823 1.000
660.516 662.207 -7.833 34.420 -910.216 -135.366 1.000
656.036 661.582 -8.913 34.425 -897.180 -133.962 1.000
651.506 660.770 -9.297 34.430 -914.524 -123.301 1.000
647.081 660.046 -10.511 34.435 -879.278 -81.237 1.000
630.594 654.900 -8.443 34.440 -2933.684 -895.525 1.000
625.203 654.056 -10.694 34.445 -2252.494 -705.341 1.000
613.855 650.660 -10.300 34.450 -2225.104 -691.727 1.000
611.480 650.701 -14.018 34.455 -1638.615 -429.148 1.000
590.614 644.050 -9.345 34.460 -3125.533 -940.478 1.000
587.492 643.537 -12.018 34.465 -1921.853 -478.440 1.000
581.788 642.540 -13.224 34.470 -772.446 -70.906 1.000
574.403 641.235 -13.072 34.475 333.649 397.893 1.000
564.575 639.085 -11.661 34.480 1504.601 847.622 1.000
572.393 643.040 -18.456 34.485 1533.476 863.121 1.000
583.432 648.340 -25.173 34.491 -53.492 259.043 1.000
577.832 648.000 -25.201 34.496 513.914 449.262 1.000
571.142 646.758 -24.803 34.501 1105.653 666.507 1.000
585.502 653.513 -32.035 34.506 -935.293 -95.545 1.000
580.442 653.240 -31.684 34.511 -1005.334 -86.107 1.000
576.052 653.079 -31.032 34.516 -970.145 -91.743 1.000
571.215 652.313 -30.439 34.521 -993.685 -93.140 1.000
566.354 651.854 -29.064 34.526 -1005.477 -67.773 1.000
561.080 651.361 -27.782 34.531 -1002.442 -81.948 1.000
556.475 651.129 -25.956 34.536 -882.351 -101.767 1.000
550.875 650.387 -24.219 34.541 -988.390 -121.598 1.000
546.435 649.960 -22.111 34.546 -954.311 -108.757 1.000
541.568 649.432 -19.686 34.551 -944.411 -136.936 1.000
536.978 648.542 -17.349 34.556 -1045.592 -171.664 1.000
531.551 647.787 -14.515 34.561 -1041.765 -156.331 1.000
525.722 646.974 -11.386 34.566 -1014.469 -174.671 1.000
519.631 645.628 -8.961 34.571 -1213.792 -229.696 1.000
515.466 645.091 -7.251 34.576 -1110.305 -203.865 1.000
508.324 643.684 -5.590 34.581 -1223.091 -214.326 1.000
503.883 643.115 -5.030 34.586 -1206.243 -233.264 1.000
497.972 641.754 -4.609 34.591 -1051.678 -179.790 1.000
492.287 640.964 -4.554 34.596 -908.477 -103.374 1.000
487.364 640.684 -6.125 34.601 -885.515 -115.107 1.000
481.812 639.589 -7.446 34.606 -974.596 -107.691 1.000
478.008 639.247 -10.414 34.611 -755.034 -30.765 1.000
473.416 638.657 -12.697 34.617 -1001.728 -128.169 1.000
468.396 638.014 -14.351 34.622 -1001.728 -128.169 1.000
465.306 638.255 -16.520 34.627 -936.661 -80.015 1.000
460.481 637.924 -18.031 34.632 -904.944 -79.893 1.000
457.533 638.236 -19.899 34.637 -659.678 -32.486 1.000
450.562 636.275 -18.181 34.642 -991.764 -186.303 1.000
447.638 636.386 -20.144 34.647 -742.721 -54.863 1.000
445.833 636.814 -21.728 34.652 -720.615 -22.608 1.000
442.844 636.983 -22.409 34.657 -664.447 3.162 1.000
438.945 636.722 -22.692 34.662 -468.863 56.562 1.000
436.659 637.065 -23.620 34.667 -578.564 -15.229 1.000
432.491 636.623 -23.309 34.672 -484.095 69.716 1.000
427.060 635.006 -18.536 34.677 -887.360 -131.461 1.000
422.023 634.146 -16.787 34.682 -741.562 -86.497 1.000
416.877 634.056 -16.793 34.687 -1541.642 -398.182 1.000
-185.557 667.074 -181.322 35.497 -3202.547 434.203 1.000
-193.473 669.443 -200.693 35.502 -1373.716 419.679 1.000
-206.671 669.878 -213.735 35.507 -2188.687 212.250 1.000
-219.484 671.335 -233.110 35.512 -2337.594 240.568 1.000
-230.381 672.007 -247.818 35.517 -2922.747 214.951 1.000
-240.184 672.939 -263.192 35.522 -2449.758 437.769 1.000
234.523 787.851 -335.714 35.701 -531.225 473.293 1.000
231.841 790.241 -349.821 35.706 -531.225 473.293 1.000
226.369 793.466 -371.571 35.711 -1010.882 619.786 1.000
219.452 797.111 -396.727 35.716 -1200.940 675.421 1.000
284.621 801.429 -356.323 35.779 1880.383 922.312 1.000
292.596 806.515 -371.085 35.784 1285.876 1111.892 1.000
297.907 809.045 -378.459 35.789 983.568 751.486 1.000
302.837 812.812 -391.361 35.794 983.568 751.486 1.000
303.083 817.399 -412.822 35.799 -330.841 702.053 1.000
