374.000 96.000 6.933 2.000 1.000 1.000 1.000
372.000 94.000 6.939 2.000 1.000 1.000 1.000
375.000 64.000 6.945 2.000 1.000 1.000 1.000
394.000 34.000 6.950 2.000 1.000 1.000 1.000
392.000 32.000 6.956 2.000 1.000 1.000 1.000
397.000 110.000 6.990 2.000 1.000 1.000 1.000
352.000 84.000 6.996 2.000 1.000 1.000 1.000
356.000 63.000 7.002 2.000 1.000 1.000 1.000
376.000 28.000 7.007 2.000 1.000 1.000 1.000
375.000 14.000 7.013 2.000 1.000 1.000 1.000
382.000 38.000 7.019 2.000 1.000 1.000 1.000
381.000 43.000 7.025 2.000 1.000 1.000 1.000
365.000 31.000 7.091 2.000 1.000 1.000 1.000
358.000 2.000 7.097 2.000 1.000 1.000 1.000
351.000 19.000 7.102 2.000 1.000 1.000 1.000
352.000 5.000 7.108 2.000 1.000 1.000 1.000
351.000 4.000 7.114 2.000 1.000 1.000 1.000
350.000 4.000 7.120 2.000 1.000 1.000 1.000
348.000 4.000 7.126 2.000 1.000 1.000 1.000
347.000 3.000 7.132 2.000 1.000 1.000 1.000
346.000 3.000 7.138 2.000 1.000 1.000 1.000
375.000 61.000 7.143 2.000 1.000 1.000 1.000
377.000 66.000 7.149 2.000 1.000 1.000 1.000
372.000 59.000 7.155 2.000 1.000 1.000 1.000
350.000 23.000 7.285 2.000 1.000 1.000 1.000
327.000 27.000 7.291 2.000 1.000 1.000 1.000
325.000 28.000 7.297 2.000 1.000 1.000 1.000
320.000 29.000 7.302 2.000 1.000 1.000 1.000
322.000 29.000 7.308 2.000 1.000 1.000 1.000
322.000 28.000 7.314 2.000 1.000 1.000 1.000
319.000 30.000 7.320 2.000 1.000 1.000 1.000
318.000 29.000 7.326 2.000 1.000 1.000 1.000
319.000 30.000 7.332 2.000 1.000 1.000 1.000
315.000 31.000 7.337 2.000 1.000 1.000 1.000
312.000 33.000 7.343 2.000 1.000 1.000 1.000
314.000 32.000 7.349 2.000 1.000 1.000 1.000
346.000 37.000 7.355 2.000 1.000 1.000 1.000
315.000 38.000 7.361 2.000 1.000 1.000 1.000
298.000 34.000 7.367 2.000 1.000 1.000 1.000
287.000 67.000 7.372 2.000 1.000 1.000 1.000
306.000 36.000 7.378 2.000 1.000 1.000 1.000
332.000 33.000 7.427 2.000 1.000 1.000 1.000
329.000 34.000 7.433 2.000 1.000 1.000 1.000
330.000 33.000 7.439 2.000 1.000 1.000 1.000
313.000 68.000 7.445 2.000 1.000 1.000 1.000
291.000 37.000 7.451 2.000 1.000 1.000 1.000
309.000 68.000 7.457 2.000 1.000 1.000 1.000
391.000 1.000 7.469 1.000 1.000 1.000 1.000
392.000 0.000 7.475 1.000 1.000 1.000 1.000
391.000 3.000 7.481 1.000 1.000 1.000 1.000
394.000 0.000 7.487 1.000 1.000 1.000 1.000
391.000 -1.000 7.493 1.000 1.000 1.000 1.000
400.000 21.000 7.509 1.000 1.000 1.000 1.000
399.000 20.000 7.515 1.000 1.000 1.000 1.000
298.000 57.000 7.522 2.000 1.000 1.000 1.000
398.000 20.000 7.521 1.000 1.000 1.000 1.000
307.000 32.000 7.528 2.000 1.000 1.000 1.000
396.000 21.000 7.527 1.000 1.000 1.000 1.000
306.000 32.000 7.534 2.000 1.000 1.000 1.000
396.000 20.000 7.533 1.000 1.000 1.000 1.000
395.000 21.000 7.538 1.000 1.000 1.000 1.000
280.000 78.000 7.551 2.000 1.000 1.000 1.000
277.000 72.000 7.557 2.000 1.000 1.000 1.000
279.000 76.000 7.563 2.000 1.000 1.000 1.000
296.000 58.000 7.568 2.000 1.000 1.000 1.000
289.000 64.000 7.574 2.000 1.000 1.000 1.000
284.000 77.000 7.580 2.000 1.000 1.000 1.000
289.000 65.000 7.586 2.000 1.000 1.000 1.000
385.000 15.000 7.620 1.000 1.000 1.000 1.000
383.000 16.000 7.626 1.000 1.000 1.000 1.000
381.000 18.000 7.632 1.000 1.000 1.000 1.000
278.000 58.000 7.635 2.000 1.000 1.000 1.000
380.000 8.000 7.638 1.000 1.000 1.000 1.000
292.000 29.000 7.641 2.000 1.000 1.000 1.000
378.000 19.000 7.644 1.000 1.000 1.000 1.000
296.000 36.000 7.647 2.000 1.000 1.000 1.000
374.000 33.000 7.650 1.000 1.000 1.000 1.000
375.000 18.000 7.655 1.000 1.000 1.000 1.000
374.000 19.000 7.661 1.000 1.000 1.000 1.000
375.000 8.000 7.667 1.000 1.000 1.000 1.000
370.000 35.000 7.673 1.000 1.000 1.000 1.000
373.000 7.000 7.679 1.000 1.000 1.000 1.000
368.000 34.000 7.685 1.000 1.000 1.000 1.000
371.000 4.000 7.690 1.000 1.000 1.000 1.000
370.000 4.000 7.696 1.000 1.000 1.000 1.000
262.000 68.000 7.729 2.000 1.000 1.000 1.000
276.000 50.000 7.735 2.000 1.000 1.000 1.000
272.000 58.000 7.740 2.000 1.000 1.000 1.000
276.000 37.000 7.746 2.000 1.000 1.000 1.000
225.000 75.000 7.763 2.000 1.000 1.000 1.000
217.000 80.000 7.769 2.000 1.000 1.000 1.000
222.000 75.000 7.775 2.000 1.000 1.000 1.000
261.000 43.000 7.853 2.000 1.000 1.000 1.000
266.000 41.000 7.858 2.000 1.000 1.000 1.000
266.000 30.000 7.864 2.000 1.000 1.000 1.000
237.000 72.000 7.930 2.000 1.000 1.000 1.000
235.000 72.000 7.936 2.000 1.000 1.000 1.000
243.000 68.000 7.942 2.000 1.000 1.000 1.000
250.000 54.000 7.947 2.000 1.000 1.000 1.000
248.000 53.000 7.953 2.000 1.000 1.000 1.000
250.000 52.000 7.959 2.000 1.000 1.000 1.000
246.000 51.000 7.965 2.000 1.000 1.000 1.000
246.000 50.000 7.971 2.000 1.000 1.000 1.000
240.000 63.000 7.977 2.000 1.000 1.000 1.000
238.000 48.000 8.026 2.000 1.000 1.000 1.000
220.000 73.000 8.032 2.000 1.000 1.000 1.000
219.000 71.000 8.038 2.000 1.000 1.000 1.000
223.000 78.000 8.044 2.000 1.000 1.000 1.000
235.000 49.000 8.050 2.000 1.000 1.000 1.000
215.000 77.000 8.055 2.000 1.000 1.000 1.000
181.000 70.000 8.061 2.000 1.000 1.000 1.000
171.000 86.000 8.067 2.000 1.000 1.000 1.000
175.000 75.000 8.073 2.000 1.000 1.000 1.000
168.000 78.000 8.079 2.000 1.000 1.000 1.000
213.000 26.000 8.144 2.000 1.000 1.000 1.000
208.000 48.000 8.150 2.000 1.000 1.000 1.000
213.000 51.000 8.156 2.000 1.000 1.000 1.000
198.000 46.000 9.620 1.000 1.000 1.000 1.000
200.000 45.000 9.626 1.000 1.000 1.000 1.000
200.000 17.000 9.632 1.000 1.000 1.000 1.000
210.000 58.000 9.638 1.000 1.000 1.000 1.000
191.000 52.000 9.643 1.000 1.000 1.000 1.000
183.000 26.000 9.649 1.000 1.000 1.000 1.000
184.000 58.000 9.655 1.000 1.000 1.000 1.000
181.000 55.000 9.661 1.000 1.000 1.000 1.000
179.000 22.000 9.667 1.000 1.000 1.000 1.000
179.000 57.000 9.673 1.000 1.000 1.000 1.000
178.000 58.000 9.678 1.000 1.000 1.000 1.000
177.000 58.000 9.684 1.000 1.000 1.000 1.000
178.000 58.000 9.690 1.000 1.000 1.000 1.000
178.000 56.000 9.696 1.000 1.000 1.000 1.000
178.000 52.000 9.702 1.000 1.000 1.000 1.000
176.000 50.000 9.708 1.000 1.000 1.000 1.000
175.000 48.000 9.713 1.000 1.000 1.000 1.000
175.000 46.000 9.719 1.000 1.000 1.000 1.000
173.000 44.000 9.725 1.000 1.000 1.000 1.000
173.000 43.000 9.731 1.000 1.000 1.000 1.000
162.000 15.000 9.737 1.000 1.000 1.000 1.000
179.000 8.000 9.743 1.000 1.000 1.000 1.000
164.000 -2.000 9.748 1.000 1.000 1.000 1.000
193.000 93.000 9.760 2.000 1.000 1.000 1.000
136.000 105.000 9.766 1.000 1.000 1.000 1.000
197.000 99.000 9.766 2.000 1.000 1.000 1.000
131.000 113.000 9.772 1.000 1.000 1.000 1.000
199.000 103.000 9.772 2.000 1.000 1.000 1.000
129.000 116.000 9.777 1.000 1.000 1.000 1.000
201.000 107.000 9.778 2.000 1.000 1.000 1.000
125.000 120.000 9.783 1.000 1.000 1.000 1.000
204.000 111.000 9.784 2.000 1.000 1.000 1.000
122.000 125.000 9.789 1.000 1.000 1.000 1.000
206.000 116.000 9.789 2.000 1.000 1.000 1.000
120.000 129.000 9.795 1.000 1.000 1.000 1.000
209.000 120.000 9.795 2.000 1.000 1.000 1.000
117.000 133.000 9.801 1.000 1.000 1.000 1.000
211.000 125.000 9.801 2.000 1.000 1.000 1.000
114.000 138.000 9.807 1.000 1.000 1.000 1.000
214.000 130.000 9.807 2.000 1.000 1.000 1.000
112.000 142.000 9.812 1.000 1.000 1.000 1.000
216.000 135.000 9.813 2.000 1.000 1.000 1.000
109.000 147.000 9.818 1.000 1.000 1.000 1.000
219.000 140.000 9.819 2.000 1.000 1.000 1.000
106.000 152.000 9.824 1.000 1.000 1.000 1.000
222.000 144.000 9.824 2.000 1.000 1.000 1.000
104.000 157.000 9.830 1.000 1.000 1.000 1.000
224.000 151.000 9.830 2.000 1.000 1.000 1.000
101.000 162.000 9.836 1.000 1.000 1.000 1.000
227.000 156.000 9.836 2.000 1.000 1.000 1.000
99.000 167.000 9.842 1.000 1.000 1.000 1.000
229.000 161.000 9.842 2.000 1.000 1.000 1.000
96.000 173.000 9.847 1.000 1.000 1.000 1.000
232.000 167.000 9.848 2.000 1.000 1.000 1.000
94.000 178.000 9.853 1.000 1.000 1.000 1.000
234.000 173.000 9.854 2.000 1.000 1.000 1.000
91.000 184.000 9.859 1.000 1.000 1.000 1.000
237.000 179.000 9.859 2.000 1.000 1.000 1.000
88.000 189.000 9.865 1.000 1.000 1.000 1.000
239.000 185.000 9.865 2.000 1.000 1.000 1.000
86.000 195.000 9.871 1.000 1.000 1.000 1.000
241.000 191.000 9.871 2.000 1.000 1.000 1.000
83.000 201.000 9.876 1.000 1.000 1.000 1.000
244.000 198.000 9.877 2.000 1.000 1.000 1.000
81.000 207.000 9.882 1.000 1.000 1.000 1.000
246.000 203.000 9.883 2.000 1.000 1.000 1.000
78.000 213.000 9.888 1.000 1.000 1.000 1.000
249.000 210.000 9.889 2.000 1.000 1.000 1.000
76.000 219.000 9.894 1.000 1.000 1.000 1.000
251.000 217.000 9.894 2.000 1.000 1.000 1.000
74.000 225.000 9.900 1.000 1.000 1.000 1.000
254.000 223.000 9.900 2.000 1.000 1.000 1.000
76.000 218.000 9.906 1.000 1.000 1.000 1.000
257.000 231.000 9.906 2.000 1.000 1.000 1.000
69.000 237.000 9.911 1.000 1.000 1.000 1.000
259.000 237.000 9.912 2.000 1.000 1.000 1.000
66.000 244.000 9.917 1.000 1.000 1.000 1.000
261.000 245.000 9.918 2.000 1.000 1.000 1.000
64.000 251.000 9.923 1.000 1.000 1.000 1.000
264.000 251.000 9.924 2.000 1.000 1.000 1.000
63.000 255.000 9.929 1.000 1.000 1.000 1.000
265.000 255.000 9.929 2.000 1.000 1.000 1.000
265.000 256.000 9.935 2.000 1.000 1.000 1.000
265.000 258.000 9.941 2.000 1.000 1.000 1.000
265.000 257.000 9.947 2.000 1.000 1.000 1.000
265.000 255.000 9.953 2.000 1.000 1.000 1.000
63.000 254.000 9.996 1.000 1.000 1.000 1.000
264.000 255.000 9.959 2.000 1.000 1.000 1.000
64.000 254.000 10.002 1.000 1.000 1.000 1.000
263.000 254.000 9.964 2.000 1.000 1.000 1.000
64.000 254.000 10.008 1.000 1.000 1.000 1.000
263.000 254.000 9.970 2.000 1.000 1.000 1.000
64.000 254.000 10.014 1.000 1.000 1.000 1.000
263.000 253.000 9.976 2.000 1.000 1.000 1.000
65.000 254.000 10.019 1.000 1.000 1.000 1.000
263.000 253.000 9.982 2.000 1.000 1.000 1.000
65.000 254.000 10.025 1.000 1.000 1.000 1.000
262.000 253.000 9.988 2.000 1.000 1.000 1.000
65.000 253.000 10.031 1.000 1.000 1.000 1.000
262.000 253.000 9.994 2.000 1.000 1.000 1.000
65.000 253.000 10.037 1.000 1.000 1.000 1.000
261.000 253.000 9.999 2.000 1.000 1.000 1.000
65.000 252.000 10.043 1.000 1.000 1.000 1.000
261.000 253.000 10.005 2.000 1.000 1.000 1.000
65.000 252.000 10.049 1.000 1.000 1.000 1.000
260.000 253.000 10.011 2.000 1.000 1.000 1.000
66.000 253.000 10.054 1.000 1.000 1.000 1.000
260.000 253.000 10.017 2.000 1.000 1.000 1.000
66.000 251.000 10.060 1.000 1.000 1.000 1.000
259.000 253.000 10.023 2.000 1.000 1.000 1.000
66.000 252.000 10.066 1.000 1.000 1.000 1.000
259.000 253.000 10.029 2.000 1.000 1.000 1.000
66.000 252.000 10.072 1.000 1.000 1.000 1.000
259.000 252.000 10.034 2.000 1.000 1.000 1.000
66.000 251.000 10.078 1.000 1.000 1.000 1.000
259.000 252.000 10.040 2.000 1.000 1.000 1.000
66.000 252.000 10.083 1.000 1.000 1.000 1.000
259.000 251.000 10.046 2.000 1.000 1.000 1.000
67.000 252.000 10.089 1.000 1.000 1.000 1.000
259.000 251.000 10.052 2.000 1.000 1.000 1.000
67.000 252.000 10.095 1.000 1.000 1.000 1.000
258.000 250.000 10.058 2.000 1.000 1.000 1.000
67.000 250.000 10.101 1.000 1.000 1.000 1.000
258.000 251.000 10.063 2.000 1.000 1.000 1.000
67.000 251.000 10.107 1.000 1.000 1.000 1.000
258.000 250.000 10.069 2.000 1.000 1.000 1.000
257.000 251.000 10.075 2.000 1.000 1.000 1.000
257.000 251.000 10.081 2.000 1.000 1.000 1.000
256.000 251.000 10.087 2.000 1.000 1.000 1.000
256.000 251.000 10.093 2.000 1.000 1.000 1.000
256.000 251.000 10.098 2.000 1.000 1.000 1.000
255.000 250.000 10.104 2.000 1.000 1.000 1.000
255.000 250.000 10.110 2.000 1.000 1.000 1.000
256.000 249.000 10.116 2.000 1.000 1.000 1.000
256.000 250.000 10.122 2.000 1.000 1.000 1.000
255.000 250.000 10.128 2.000 1.000 1.000 1.000
251.000 245.000 10.210 2.000 1.000 1.000 1.000
251.000 244.000 10.216 2.000 1.000 1.000 1.000
250.000 244.000 10.222 2.000 1.000 1.000 1.000
250.000 244.000 10.228 2.000 1.000 1.000 1.000
250.000 243.000 10.234 2.000 1.000 1.000 1.000
249.000 243.000 10.239 2.000 1.000 1.000 1.000
249.000 242.000 10.245 2.000 1.000 1.000 1.000
248.000 242.000 10.251 2.000 1.000 1.000 1.000
224.000 94.000 10.480 1.000 1.000 1.000 1.000
248.000 241.000 10.257 2.000 1.000 1.000 1.000
199.000 67.000 10.486 1.000 1.000 1.000 1.000
248.000 241.000 10.263 2.000 1.000 1.000 1.000
199.000 67.000 10.492 1.000 1.000 1.000 1.000
247.000 241.000 10.269 2.000 1.000 1.000 1.000
199.000 67.000 10.497 1.000 1.000 1.000 1.000
247.000 241.000 10.274 2.000 1.000 1.000 1.000
246.000 240.000 10.280 2.000 1.000 1.000 1.000
247.000 237.000 10.286 2.000 1.000 1.000 1.000
246.000 238.000 10.292 2.000 1.000 1.000 1.000
246.000 237.000 10.298 2.000 1.000 1.000 1.000
247.000 237.000 10.304 2.000 1.000 1.000 1.000
246.000 238.000 10.309 2.000 1.000 1.000 1.000
246.000 239.000 10.315 2.000 1.000 1.000 1.000
245.000 240.000 10.321 2.000 1.000 1.000 1.000
245.000 239.000 10.327 2.000 1.000 1.000 1.000
244.000 239.000 10.333 2.000 1.000 1.000 1.000
244.000 238.000 10.338 2.000 1.000 1.000 1.000
244.000 237.000 10.344 2.000 1.000 1.000 1.000
86.000 224.000 10.694 1.000 1.000 1.000 1.000
244.000 237.000 10.350 2.000 1.000 1.000 1.000
87.000 223.000 10.699 1.000 1.000 1.000 1.000
244.000 236.000 10.356 2.000 1.000 1.000 1.000
87.000 223.000 10.705 1.000 1.000 1.000 1.000
244.000 236.000 10.362 2.000 1.000 1.000 1.000
87.000 223.000 10.711 1.000 1.000 1.000 1.000
244.000 235.000 10.368 2.000 1.000 1.000 1.000
87.000 222.000 10.717 1.000 1.000 1.000 1.000
244.000 235.000 10.373 2.000 1.000 1.000 1.000
87.000 222.000 10.723 1.000 1.000 1.000 1.000
243.000 235.000 10.379 2.000 1.000 1.000 1.000
88.000 222.000 10.729 1.000 1.000 1.000 1.000
243.000 234.000 10.385 2.000 1.000 1.000 1.000
88.000 222.000 10.734 1.000 1.000 1.000 1.000
242.000 235.000 10.391 2.000 1.000 1.000 1.000
88.000 222.000 10.740 1.000 1.000 1.000 1.000
242.000 235.000 10.397 2.000 1.000 1.000 1.000
88.000 222.000 10.746 1.000 1.000 1.000 1.000
241.000 234.000 10.403 2.000 1.000 1.000 1.000
89.000 222.000 10.752 1.000 1.000 1.000 1.000
241.000 236.000 10.408 2.000 1.000 1.000 1.000
88.000 222.000 10.758 1.000 1.000 1.000 1.000
241.000 236.000 10.414 2.000 1.000 1.000 1.000
90.000 222.000 10.764 1.000 1.000 1.000 1.000
241.000 236.000 10.420 2.000 1.000 1.000 1.000
89.000 222.000 10.769 1.000 1.000 1.000 1.000
240.000 236.000 10.426 2.000 1.000 1.000 1.000
90.000 223.000 10.775 1.000 1.000 1.000 1.000
240.000 235.000 10.432 2.000 1.000 1.000 1.000
90.000 221.000 10.781 1.000 1.000 1.000 1.000
241.000 235.000 10.438 2.000 1.000 1.000 1.000
90.000 221.000 10.787 1.000 1.000 1.000 1.000
240.000 235.000 10.443 2.000 1.000 1.000 1.000
90.000 220.000 10.793 1.000 1.000 1.000 1.000
239.000 234.000 10.449 2.000 1.000 1.000 1.000
90.000 220.000 10.798 1.000 1.000 1.000 1.000
239.000 235.000 10.455 2.000 1.000 1.000 1.000
90.000 220.000 10.804 1.000 1.000 1.000 1.000
239.000 234.000 10.461 2.000 1.000 1.000 1.000
90.000 218.000 10.810 1.000 1.000 1.000 1.000
238.000 233.000 10.467 2.000 1.000 1.000 1.000
91.000 218.000 10.816 1.000 1.000 1.000 1.000
238.000 232.000 10.473 2.000 1.000 1.000 1.000
91.000 218.000 10.822 1.000 1.000 1.000 1.000
238.000 233.000 10.478 2.000 1.000 1.000 1.000
91.000 217.000 10.828 1.000 1.000 1.000 1.000
238.000 231.000 10.484 2.000 1.000 1.000 1.000
91.000 217.000 10.833 1.000 1.000 1.000 1.000
237.000 232.000 10.490 2.000 1.000 1.000 1.000
92.000 217.000 10.839 1.000 1.000 1.000 1.000
237.000 231.000 10.496 2.000 1.000 1.000 1.000
92.000 216.000 10.845 1.000 1.000 1.000 1.000
237.000 230.000 10.502 2.000 1.000 1.000 1.000
92.000 217.000 10.851 1.000 1.000 1.000 1.000
236.000 230.000 10.508 2.000 1.000 1.000 1.000
92.000 216.000 10.857 1.000 1.000 1.000 1.000
236.000 229.000 10.513 2.000 1.000 1.000 1.000
92.000 216.000 10.863 1.000 1.000 1.000 1.000
236.000 229.000 10.519 2.000 1.000 1.000 1.000
93.000 216.000 10.868 1.000 1.000 1.000 1.000
235.000 228.000 10.525 2.000 1.000 1.000 1.000
93.000 215.000 10.874 1.000 1.000 1.000 1.000
235.000 229.000 10.531 2.000 1.000 1.000 1.000
93.000 215.000 10.880 1.000 1.000 1.000 1.000
235.000 228.000 10.537 2.000 1.000 1.000 1.000
93.000 215.000 10.886 1.000 1.000 1.000 1.000
235.000 227.000 10.542 2.000 1.000 1.000 1.000
94.000 215.000 10.892 1.000 1.000 1.000 1.000
235.000 228.000 10.548 2.000 1.000 1.000 1.000
94.000 215.000 10.898 1.000 1.000 1.000 1.000
236.000 227.000 10.554 2.000 1.000 1.000 1.000
94.000 214.000 10.903 1.000 1.000 1.000 1.000
235.000 228.000 10.560 2.000 1.000 1.000 1.000
94.000 214.000 10.909 1.000 1.000 1.000 1.000
235.000 227.000 10.566 2.000 1.000 1.000 1.000
94.000 213.000 10.915 1.000 1.000 1.000 1.000
94.000 214.000 10.921 1.000 1.000 1.000 1.000
95.000 213.000 10.927 1.000 1.000 1.000 1.000
95.000 213.000 10.933 1.000 1.000 1.000 1.000
95.000 213.000 10.938 1.000 1.000 1.000 1.000
95.000 213.000 10.944 1.000 1.000 1.000 1.000
96.000 212.000 10.950 1.000 1.000 1.000 1.000
96.000 212.000 10.956 1.000 1.000 1.000 1.000
96.000 212.000 10.962 1.000 1.000 1.000 1.000
96.000 212.000 10.968 1.000 1.000 1.000 1.000
96.000 211.000 10.973 1.000 1.000 1.000 1.000
97.000 211.000 10.979 1.000 1.000 1.000 1.000
97.000 210.000 10.985 1.000 1.000 1.000 1.000
97.000 211.000 10.991 1.000 1.000 1.000 1.000
97.000 210.000 10.997 1.000 1.000 1.000 1.000
225.000 221.000 10.793 2.000 1.000 1.000 1.000
97.000 210.000 11.003 1.000 1.000 1.000 1.000
224.000 218.000 10.799 2.000 1.000 1.000 1.000
98.000 210.000 11.008 1.000 1.000 1.000 1.000
224.000 218.000 10.805 2.000 1.000 1.000 1.000
98.000 209.000 11.014 1.000 1.000 1.000 1.000
223.000 217.000 10.811 2.000 1.000 1.000 1.000
98.000 210.000 11.020 1.000 1.000 1.000 1.000
223.000 217.000 10.817 2.000 1.000 1.000 1.000
98.000 209.000 11.026 1.000 1.000 1.000 1.000
223.000 216.000 10.822 2.000 1.000 1.000 1.000
99.000 209.000 11.032 1.000 1.000 1.000 1.000
223.000 216.000 10.828 2.000 1.000 1.000 1.000
99.000 209.000 11.038 1.000 1.000 1.000 1.000
222.000 216.000 10.834 2.000 1.000 1.000 1.000
99.000 208.000 11.043 1.000 1.000 1.000 1.000
222.000 216.000 10.840 2.000 1.000 1.000 1.000
99.000 208.000 11.049 1.000 1.000 1.000 1.000
222.000 215.000 10.846 2.000 1.000 1.000 1.000
99.000 208.000 11.055 1.000 1.000 1.000 1.000
222.000 215.000 10.851 2.000 1.000 1.000 1.000
100.000 208.000 11.061 1.000 1.000 1.000 1.000
222.000 215.000 10.857 2.000 1.000 1.000 1.000
100.000 207.000 11.067 1.000 1.000 1.000 1.000
221.000 214.000 10.863 2.000 1.000 1.000 1.000
100.000 207.000 11.073 1.000 1.000 1.000 1.000
221.000 214.000 10.869 2.000 1.000 1.000 1.000
100.000 207.000 11.078 1.000 1.000 1.000 1.000
221.000 213.000 10.875 2.000 1.000 1.000 1.000
100.000 207.000 11.084 1.000 1.000 1.000 1.000
221.000 214.000 10.881 2.000 1.000 1.000 1.000
101.000 207.000 11.090 1.000 1.000 1.000 1.000
221.000 213.000 10.886 2.000 1.000 1.000 1.000
101.000 206.000 11.096 1.000 1.000 1.000 1.000
220.000 213.000 10.892 2.000 1.000 1.000 1.000
101.000 206.000 11.102 1.000 1.000 1.000 1.000
220.000 213.000 10.898 2.000 1.000 1.000 1.000
101.000 206.000 11.107 1.000 1.000 1.000 1.000
220.000 212.000 10.904 2.000 1.000 1.000 1.000
101.000 205.000 11.113 1.000 1.000 1.000 1.000
220.000 213.000 10.910 2.000 1.000 1.000 1.000
102.000 205.000 11.119 1.000 1.000 1.000 1.000
220.000 212.000 10.916 2.000 1.000 1.000 1.000
102.000 205.000 11.125 1.000 1.000 1.000 1.000
219.000 212.000 10.921 2.000 1.000 1.000 1.000
102.000 205.000 11.131 1.000 1.000 1.000 1.000
219.000 212.000 10.927 2.000 1.000 1.000 1.000
102.000 205.000 11.137 1.000 1.000 1.000 1.000
219.000 211.000 10.933 2.000 1.000 1.000 1.000
103.000 204.000 11.142 1.000 1.000 1.000 1.000
219.000 211.000 10.939 2.000 1.000 1.000 1.000
103.000 204.000 11.148 1.000 1.000 1.000 1.000
219.000 211.000 10.945 2.000 1.000 1.000 1.000
103.000 204.000 11.154 1.000 1.000 1.000 1.000
218.000 211.000 10.951 2.000 1.000 1.000 1.000
103.000 204.000 11.160 1.000 1.000 1.000 1.000
218.000 210.000 10.956 2.000 1.000 1.000 1.000
103.000 203.000 11.166 1.000 1.000 1.000 1.000
218.000 210.000 10.962 2.000 1.000 1.000 1.000
104.000 203.000 11.172 1.000 1.000 1.000 1.000
218.000 210.000 10.968 2.000 1.000 1.000 1.000
104.000 203.000 11.177 1.000 1.000 1.000 1.000
217.000 210.000 10.974 2.000 1.000 1.000 1.000
104.000 202.000 11.183 1.000 1.000 1.000 1.000
217.000 210.000 10.980 2.000 1.000 1.000 1.000
104.000 202.000 11.189 1.000 1.000 1.000 1.000
217.000 209.000 10.986 2.000 1.000 1.000 1.000
104.000 202.000 11.195 1.000 1.000 1.000 1.000
217.000 209.000 10.991 2.000 1.000 1.000 1.000
105.000 202.000 11.201 1.000 1.000 1.000 1.000
217.000 208.000 10.997 2.000 1.000 1.000 1.000
105.000 202.000 11.207 1.000 1.000 1.000 1.000
216.000 208.000 11.003 2.000 1.000 1.000 1.000
105.000 202.000 11.212 1.000 1.000 1.000 1.000
216.000 208.000 11.009 2.000 1.000 1.000 1.000
106.000 201.000 11.218 1.000 1.000 1.000 1.000
216.000 207.000 11.015 2.000 1.000 1.000 1.000
106.000 201.000 11.224 1.000 1.000 1.000 1.000
216.000 208.000 11.021 2.000 1.000 1.000 1.000
106.000 201.000 11.230 1.000 1.000 1.000 1.000
216.000 207.000 11.026 2.000 1.000 1.000 1.000
106.000 201.000 11.236 1.000 1.000 1.000 1.000
215.000 207.000 11.032 2.000 1.000 1.000 1.000
107.000 200.000 11.242 1.000 1.000 1.000 1.000
215.000 207.000 11.038 2.000 1.000 1.000 1.000
107.000 200.000 11.247 1.000 1.000 1.000 1.000
215.000 206.000 11.044 2.000 1.000 1.000 1.000
107.000 200.000 11.253 1.000 1.000 1.000 1.000
215.000 206.000 11.050 2.000 1.000 1.000 1.000
107.000 200.000 11.259 1.000 1.000 1.000 1.000
215.000 206.000 11.056 2.000 1.000 1.000 1.000
107.000 200.000 11.265 1.000 1.000 1.000 1.000
214.000 206.000 11.061 2.000 1.000 1.000 1.000
107.000 200.000 11.271 1.000 1.000 1.000 1.000
214.000 206.000 11.067 2.000 1.000 1.000 1.000
108.000 199.000 11.276 1.000 1.000 1.000 1.000
214.000 205.000 11.073 2.000 1.000 1.000 1.000
108.000 199.000 11.282 1.000 1.000 1.000 1.000
214.000 205.000 11.079 2.000 1.000 1.000 1.000
108.000 199.000 11.288 1.000 1.000 1.000 1.000
213.000 204.000 11.085 2.000 1.000 1.000 1.000
108.000 198.000 11.294 1.000 1.000 1.000 1.000
213.000 205.000 11.091 2.000 1.000 1.000 1.000
109.000 198.000 11.300 1.000 1.000 1.000 1.000
213.000 204.000 11.096 2.000 1.000 1.000 1.000
109.000 199.000 11.306 1.000 1.000 1.000 1.000
213.000 204.000 11.102 2.000 1.000 1.000 1.000
109.000 198.000 11.311 1.000 1.000 1.000 1.000
212.000 204.000 11.108 2.000 1.000 1.000 1.000
109.000 198.000 11.317 1.000 1.000 1.000 1.000
212.000 203.000 11.114 2.000 1.000 1.000 1.000
110.000 198.000 11.323 1.000 1.000 1.000 1.000
212.000 203.000 11.120 2.000 1.000 1.000 1.000
110.000 197.000 11.329 1.000 1.000 1.000 1.000
212.000 203.000 11.126 2.000 1.000 1.000 1.000
110.000 197.000 11.335 1.000 1.000 1.000 1.000
212.000 203.000 11.131 2.000 1.000 1.000 1.000
110.000 197.000 11.341 1.000 1.000 1.000 1.000
212.000 202.000 11.137 2.000 1.000 1.000 1.000
111.000 197.000 11.346 1.000 1.000 1.000 1.000
212.000 202.000 11.143 2.000 1.000 1.000 1.000
111.000 197.000 11.352 1.000 1.000 1.000 1.000
211.000 202.000 11.149 2.000 1.000 1.000 1.000
111.000 196.000 11.358 1.000 1.000 1.000 1.000
211.000 201.000 11.155 2.000 1.000 1.000 1.000
111.000 196.000 11.364 1.000 1.000 1.000 1.000
211.000 201.000 11.161 2.000 1.000 1.000 1.000
111.000 196.000 11.370 1.000 1.000 1.000 1.000
211.000 201.000 11.166 2.000 1.000 1.000 1.000
112.000 196.000 11.376 1.000 1.000 1.000 1.000
211.000 201.000 11.172 2.000 1.000 1.000 1.000
112.000 195.000 11.381 1.000 1.000 1.000 1.000
211.000 201.000 11.178 2.000 1.000 1.000 1.000
112.000 196.000 11.387 1.000 1.000 1.000 1.000
210.000 200.000 11.184 2.000 1.000 1.000 1.000
112.000 195.000 11.393 1.000 1.000 1.000 1.000
210.000 200.000 11.190 2.000 1.000 1.000 1.000
112.000 194.000 11.399 1.000 1.000 1.000 1.000
210.000 199.000 11.195 2.000 1.000 1.000 1.000
113.000 195.000 11.405 1.000 1.000 1.000 1.000
210.000 200.000 11.201 2.000 1.000 1.000 1.000
113.000 194.000 11.411 1.000 1.000 1.000 1.000
210.000 199.000 11.207 2.000 1.000 1.000 1.000
113.000 195.000 11.416 1.000 1.000 1.000 1.000
210.000 199.000 11.213 2.000 1.000 1.000 1.000
113.000 194.000 11.422 1.000 1.000 1.000 1.000
209.000 199.000 11.219 2.000 1.000 1.000 1.000
114.000 194.000 11.428 1.000 1.000 1.000 1.000
209.000 198.000 11.225 2.000 1.000 1.000 1.000
114.000 194.000 11.434 1.000 1.000 1.000 1.000
209.000 198.000 11.230 2.000 1.000 1.000 1.000
114.000 193.000 11.440 1.000 1.000 1.000 1.000
209.000 198.000 11.236 2.000 1.000 1.000 1.000
115.000 194.000 11.446 1.000 1.000 1.000 1.000
209.000 198.000 11.242 2.000 1.000 1.000 1.000
115.000 193.000 11.451 1.000 1.000 1.000 1.000
209.000 197.000 11.248 2.000 1.000 1.000 1.000
117.000 192.000 11.457 1.000 1.000 1.000 1.000
209.000 197.000 11.254 2.000 1.000 1.000 1.000
116.000 193.000 11.463 1.000 1.000 1.000 1.000
208.000 197.000 11.260 2.000 1.000 1.000 1.000
116.000 192.000 11.469 1.000 1.000 1.000 1.000
208.000 197.000 11.265 2.000 1.000 1.000 1.000
208.000 197.000 11.271 2.000 1.000 1.000 1.000
208.000 196.000 11.277 2.000 1.000 1.000 1.000
208.000 196.000 11.283 2.000 1.000 1.000 1.000
208.000 196.000 11.289 2.000 1.000 1.000 1.000
208.000 195.000 11.295 2.000 1.000 1.000 1.000
207.000 196.000 11.300 2.000 1.000 1.000 1.000
207.000 195.000 11.306 2.000 1.000 1.000 1.000
207.000 195.000 11.312 2.000 1.000 1.000 1.000
207.000 195.000 11.318 2.000 1.000 1.000 1.000
207.000 194.000 11.324 2.000 1.000 1.000 1.000
207.000 194.000 11.330 2.000 1.000 1.000 1.000
206.000 194.000 11.335 2.000 1.000 1.000 1.000
206.000 194.000 11.341 2.000 1.000 1.000 1.000
206.000 193.000 11.347 2.000 1.000 1.000 1.000
206.000 193.000 11.353 2.000 1.000 1.000 1.000
206.000 193.000 11.359 2.000 1.000 1.000 1.000
205.000 192.000 11.364 2.000 1.000 1.000 1.000
206.000 193.000 11.370 2.000 1.000 1.000 1.000
205.000 192.000 11.376 2.000 1.000 1.000 1.000
205.000 192.000 11.382 2.000 1.000 1.000 1.000
205.000 192.000 11.388 2.000 1.000 1.000 1.000
205.000 191.000 11.394 2.000 1.000 1.000 1.000
205.000 191.000 11.399 2.000 1.000 1.000 1.000
205.000 191.000 11.405 2.000 1.000 1.000 1.000
204.000 191.000 11.411 2.000 1.000 1.000 1.000
204.000 191.000 11.417 2.000 1.000 1.000 1.000
204.000 190.000 11.423 2.000 1.000 1.000 1.000
204.000 190.000 11.429 2.000 1.000 1.000 1.000
204.000 190.000 11.434 2.000 1.000 1.000 1.000
204.000 190.000 11.440 2.000 1.000 1.000 1.000
203.000 189.000 11.446 2.000 1.000 1.000 1.000
203.000 189.000 11.452 2.000 1.000 1.000 1.000
203.000 189.000 11.458 2.000 1.000 1.000 1.000
203.000 189.000 11.464 2.000 1.000 1.000 1.000
203.000 189.000 11.469 2.000 1.000 1.000 1.000
203.000 188.000 11.475 2.000 1.000 1.000 1.000
202.000 188.000 11.481 2.000 1.000 1.000 1.000
203.000 188.000 11.487 2.000 1.000 1.000 1.000
202.000 188.000 11.493 2.000 1.000 1.000 1.000
202.000 187.000 11.499 2.000 1.000 1.000 1.000
202.000 187.000 11.504 2.000 1.000 1.000 1.000
202.000 187.000 11.510 2.000 1.000 1.000 1.000
202.000 186.000 11.516 2.000 1.000 1.000 1.000
202.000 187.000 11.522 2.000 1.000 1.000 1.000
202.000 186.000 11.528 2.000 1.000 1.000 1.000
202.000 186.000 11.534 2.000 1.000 1.000 1.000
201.000 186.000 11.539 2.000 1.000 1.000 1.000
201.000 185.000 11.545 2.000 1.000 1.000 1.000
191.000 151.000 11.551 2.000 1.000 1.000 1.000
201.000 185.000 11.557 2.000 1.000 1.000 1.000
201.000 185.000 11.563 2.000 1.000 1.000 1.000
190.000 151.000 11.568 2.000 1.000 1.000 1.000
201.000 184.000 11.574 2.000 1.000 1.000 1.000
188.000 151.000 11.580 2.000 1.000 1.000 1.000
186.000 147.000 11.586 2.000 1.000 1.000 1.000
187.000 146.000 11.592 2.000 1.000 1.000 1.000
186.000 145.000 11.598 2.000 1.000 1.000 1.000
184.000 145.000 11.603 2.000 1.000 1.000 1.000
187.000 147.000 11.609 2.000 1.000 1.000 1.000
178.000 138.000 11.615 2.000 1.000 1.000 1.000
186.000 145.000 11.621 2.000 1.000 1.000 1.000
159.000 5.000 12.480 1.000 1.000 1.000 1.000
180.000 54.000 12.486 1.000 1.000 1.000 1.000
176.000 84.000 12.492 1.000 1.000 1.000 1.000
190.000 152.000 11.704 2.000 1.000 1.000 1.000
190.000 152.000 11.710 2.000 1.000 1.000 1.000
199.000 179.000 11.716 2.000 1.000 1.000 1.000
190.000 152.000 11.721 2.000 1.000 1.000 1.000
192.000 155.000 11.727 2.000 1.000 1.000 1.000
192.000 155.000 11.733 2.000 1.000 1.000 1.000
192.000 154.000 11.739 2.000 1.000 1.000 1.000
199.000 178.000 11.745 2.000 1.000 1.000 1.000
190.000 154.000 11.750 2.000 1.000 1.000 1.000
198.000 178.000 11.756 2.000 1.000 1.000 1.000
192.000 157.000 11.762 2.000 1.000 1.000 1.000
199.000 178.000 11.768 2.000 1.000 1.000 1.000
397.000 201.000 13.133 1.000 1.000 1.000 1.000
206.000 7.000 12.534 2.000 1.000 1.000 1.000
204.000 7.000 12.540 2.000 1.000 1.000 1.000
212.000 -3.000 12.545 2.000 1.000 1.000 1.000
201.000 6.000 12.594 2.000 1.000 1.000 1.000
200.000 6.000 12.600 2.000 1.000 1.000 1.000
198.000 5.000 12.606 2.000 1.000 1.000 1.000
200.000 4.000 12.612 2.000 1.000 1.000 1.000
198.000 5.000 12.618 2.000 1.000 1.000 1.000
198.000 4.000 12.623 2.000 1.000 1.000 1.000
198.000 4.000 12.629 2.000 1.000 1.000 1.000
195.000 4.000 12.635 2.000 1.000 1.000 1.000
197.000 3.000 12.641 2.000 1.000 1.000 1.000
195.000 3.000 12.647 2.000 1.000 1.000 1.000
195.000 2.000 12.652 2.000 1.000 1.000 1.000
170.000 8.000 12.658 2.000 1.000 1.000 1.000
105.000 72.000 12.723 2.000 1.000 1.000 1.000
106.000 85.000 12.729 2.000 1.000 1.000 1.000
126.000 85.000 12.877 2.000 1.000 1.000 1.000
139.000 79.000 12.883 2.000 1.000 1.000 1.000
132.000 85.000 12.888 2.000 1.000 1.000 1.000
222.000 19.000 13.052 2.000 1.000 1.000 1.000
221.000 1.000 13.058 2.000 1.000 1.000 1.000
395.000 91.000 13.495 1.000 1.000 1.000 1.000
395.000 96.000 13.501 1.000 1.000 1.000 1.000
340.000 15.000 13.571 2.000 1.000 1.000 1.000
343.000 15.000 13.577 2.000 1.000 1.000 1.000
345.000 15.000 13.583 2.000 1.000 1.000 1.000
347.000 15.000 13.588 2.000 1.000 1.000 1.000
350.000 14.000 13.594 2.000 1.000 1.000 1.000
352.000 14.000 13.600 2.000 1.000 1.000 1.000
354.000 10.000 13.606 2.000 1.000 1.000 1.000
356.000 10.000 13.612 2.000 1.000 1.000 1.000
358.000 9.000 13.618 2.000 1.000 1.000 1.000
361.000 9.000 13.623 2.000 1.000 1.000 1.000
363.000 7.000 13.629 2.000 1.000 1.000 1.000
365.000 6.000 13.635 2.000 1.000 1.000 1.000
331.000 7.000 13.641 2.000 1.000 1.000 1.000
274.000 43.000 13.691 2.000 1.000 1.000 1.000
281.000 11.000 13.696 2.000 1.000 1.000 1.000
286.000 5.000 13.702 2.000 1.000 1.000 1.000
288.000 6.000 13.708 2.000 1.000 1.000 1.000
289.000 4.000 13.714 2.000 1.000 1.000 1.000
289.000 4.000 13.720 2.000 1.000 1.000 1.000
290.000 1.000 13.726 2.000 1.000 1.000 1.000
291.000 4.000 13.732 2.000 1.000 1.000 1.000
291.000 1.000 13.737 2.000 1.000 1.000 1.000
293.000 6.000 13.743 2.000 1.000 1.000 1.000
296.000 3.000 13.749 2.000 1.000 1.000 1.000
296.000 4.000 13.755 2.000 1.000 1.000 1.000
357.000 49.000 13.843 2.000 1.000 1.000 1.000
350.000 60.000 13.849 2.000 1.000 1.000 1.000
366.000 86.000 13.855 2.000 1.000 1.000 1.000
367.000 86.000 13.861 2.000 1.000 1.000 1.000
367.000 65.000 13.867 2.000 1.000 1.000 1.000
370.000 95.000 13.872 2.000 1.000 1.000 1.000
370.000 93.000 13.878 2.000 1.000 1.000 1.000
373.000 95.000 13.884 2.000 1.000 1.000 1.000
372.000 94.000 13.890 2.000 1.000 1.000 1.000
378.000 68.000 13.896 2.000 1.000 1.000 1.000
380.000 69.000 13.902 2.000 1.000 1.000 1.000
383.000 97.000 13.907 2.000 1.000 1.000 1.000
384.000 70.000 13.913 2.000 1.000 1.000 1.000
332.000 38.000 13.919 2.000 1.000 1.000 1.000
339.000 9.000 13.925 2.000 1.000 1.000 1.000
344.000 10.000 13.931 2.000 1.000 1.000 1.000
343.000 8.000 13.937 2.000 1.000 1.000 1.000
348.000 12.000 13.942 2.000 1.000 1.000 1.000
346.000 10.000 13.948 2.000 1.000 1.000 1.000
348.000 9.000 13.954 2.000 1.000 1.000 1.000
351.000 11.000 13.960 2.000 1.000 1.000 1.000
350.000 9.000 13.966 2.000 1.000 1.000 1.000
353.000 10.000 13.972 2.000 1.000 1.000 1.000
354.000 10.000 13.977 2.000 1.000 1.000 1.000
356.000 9.000 13.983 2.000 1.000 1.000 1.000
357.000 11.000 13.989 2.000 1.000 1.000 1.000
358.000 7.000 13.995 2.000 1.000 1.000 1.000
361.000 11.000 14.001 2.000 1.000 1.000 1.000
357.000 4.000 14.007 2.000 1.000 1.000 1.000
364.000 10.000 14.013 2.000 1.000 1.000 1.000
364.000 7.000 14.018 2.000 1.000 1.000 1.000
375.000 10.000 14.024 2.000 1.000 1.000 1.000
366.000 11.000 14.030 2.000 1.000 1.000 1.000
364.000 9.000 14.036 2.000 1.000 1.000 1.000
369.000 10.000 14.042 2.000 1.000 1.000 1.000
377.000 62.000 14.048 2.000 1.000 1.000 1.000
379.000 68.000 14.053 2.000 1.000 1.000 1.000
380.000 72.000 14.059 2.000 1.000 1.000 1.000
394.000 109.000 14.403 2.000 1.000 1.000 1.000
390.000 115.000 14.409 2.000 1.000 1.000 1.000
