278.000 7.000 27.886 3.000 1.000 1.000 1.000
243.000 214748364.000 27.892 3.000 1.000 1.000 1.000
311.000 31.000 27.957 3.000 1.000 1.000 1.000
276.000 214748364.000 27.963 3.000 1.000 1.000 1.000
241.000 -214748136.600 27.969 3.000 1.000 1.000 1.000
266.000 35.000 28.030 1.000 1.000 1.000 1.000
249.000 35.000 28.036 1.000 1.000 1.000 1.000
251.000 34.000 28.042 1.000 1.000 1.000 1.000
287.000 214748364.000 28.050 3.000 1.000 1.000 1.000
227.000 62.000 28.463 1.000 1.000 1.000 1.000
217.000 58.000 28.469 1.000 1.000 1.000 1.000
236.000 59.000 28.474 1.000 1.000 1.000 1.000
259.000 77.000 28.524 1.000 1.000 1.000 1.000
259.000 77.000 28.530 1.000 1.000 1.000 1.000
193.000 40.000 28.547 1.000 1.000 1.000 1.000
189.000 16.000 28.552 1.000 1.000 1.000 1.000
183.000 42.000 28.558 1.000 1.000 1.000 1.000
186.000 13.000 28.564 1.000 1.000 1.000 1.000
176.000 41.000 28.570 1.000 1.000 1.000 1.000
184.000 9.000 28.576 1.000 1.000 1.000 1.000
183.000 8.000 28.582 1.000 1.000 1.000 1.000
165.000 43.000 28.587 1.000 1.000 1.000 1.000
162.000 43.000 28.593 1.000 1.000 1.000 1.000
192.000 32.000 28.599 1.000 1.000 1.000 1.000
190.000 15.000 28.649 1.000 1.000 1.000 1.000
167.000 6.000 28.655 1.000 1.000 1.000 1.000
115.000 63.000 28.672 1.000 1.000 1.000 1.000
110.000 67.000 28.677 1.000 1.000 1.000 1.000
106.000 69.000 28.683 1.000 1.000 1.000 1.000
100.000 72.000 28.689 1.000 1.000 1.000 1.000
96.000 75.000 28.695 1.000 1.000 1.000 1.000
91.000 77.000 28.701 1.000 1.000 1.000 1.000
88.000 81.000 28.706 1.000 1.000 1.000 1.000
85.000 84.000 28.712 1.000 1.000 1.000 1.000
81.000 86.000 28.718 1.000 1.000 1.000 1.000
77.000 89.000 28.724 1.000 1.000 1.000 1.000
111.000 264.000 28.725 3.000 1.000 1.000 1.000
74.000 95.000 28.730 1.000 1.000 1.000 1.000
120.000 254.000 28.731 3.000 1.000 1.000 1.000
69.000 98.000 28.736 1.000 1.000 1.000 1.000
126.000 249.000 28.737 3.000 1.000 1.000 1.000
65.000 102.000 28.741 1.000 1.000 1.000 1.000
225.000 85.000 28.741 2.000 1.000 1.000 1.000
131.000 244.000 28.743 3.000 1.000 1.000 1.000
62.000 106.000 28.747 1.000 1.000 1.000 1.000
227.000 89.000 28.746 2.000 1.000 1.000 1.000
137.000 238.000 28.749 3.000 1.000 1.000 1.000
57.000 109.000 28.753 1.000 1.000 1.000 1.000
229.000 94.000 28.752 2.000 1.000 1.000 1.000
142.000 234.000 28.755 3.000 1.000 1.000 1.000
54.000 115.000 28.759 1.000 1.000 1.000 1.000
233.000 99.000 28.758 2.000 1.000 1.000 1.000
147.000 230.000 28.760 3.000 1.000 1.000 1.000
52.000 118.000 28.765 1.000 1.000 1.000 1.000
236.000 104.000 28.764 2.000 1.000 1.000 1.000
152.000 225.000 28.766 3.000 1.000 1.000 1.000
46.000 122.000 28.771 1.000 1.000 1.000 1.000
238.000 108.000 28.770 2.000 1.000 1.000 1.000
158.000 222.000 28.772 3.000 1.000 1.000 1.000
42.000 127.000 28.776 1.000 1.000 1.000 1.000
241.000 113.000 28.776 2.000 1.000 1.000 1.000
163.000 217.000 28.778 3.000 1.000 1.000 1.000
40.000 131.000 28.782 1.000 1.000 1.000 1.000
244.000 118.000 28.781 2.000 1.000 1.000 1.000
168.000 214.000 28.784 3.000 1.000 1.000 1.000
34.000 136.000 28.788 1.000 1.000 1.000 1.000
246.000 123.000 28.787 2.000 1.000 1.000 1.000
173.000 210.000 28.790 3.000 1.000 1.000 1.000
32.000 140.000 28.794 1.000 1.000 1.000 1.000
249.000 128.000 28.793 2.000 1.000 1.000 1.000
178.000 207.000 28.795 3.000 1.000 1.000 1.000
26.000 146.000 28.800 1.000 1.000 1.000 1.000
251.000 133.000 28.799 2.000 1.000 1.000 1.000
23.000 150.000 28.806 1.000 1.000 1.000 1.000
254.000 139.000 28.805 2.000 1.000 1.000 1.000
183.000 204.000 28.801 3.000 1.000 1.000 1.000
21.000 156.000 28.811 1.000 1.000 1.000 1.000
256.000 145.000 28.811 2.000 1.000 1.000 1.000
188.000 201.000 28.807 3.000 1.000 1.000 1.000
15.000 162.000 28.817 1.000 1.000 1.000 1.000
259.000 150.000 28.816 2.000 1.000 1.000 1.000
193.000 198.000 28.813 3.000 1.000 1.000 1.000
13.000 166.000 28.823 1.000 1.000 1.000 1.000
262.000 156.000 28.822 2.000 1.000 1.000 1.000
197.000 195.000 28.819 3.000 1.000 1.000 1.000
7.000 172.000 28.829 1.000 1.000 1.000 1.000
264.000 162.000 28.828 2.000 1.000 1.000 1.000
202.000 193.000 28.825 3.000 1.000 1.000 1.000
6.000 177.000 28.835 1.000 1.000 1.000 1.000
267.000 168.000 28.834 2.000 1.000 1.000 1.000
206.000 190.000 28.830 3.000 1.000 1.000 1.000
2.000 183.000 28.841 1.000 1.000 1.000 1.000
269.000 174.000 28.840 2.000 1.000 1.000 1.000
211.000 187.000 28.836 3.000 1.000 1.000 1.000
379.000 155.000 28.877 4.000 1.000 1.000 1.000
0.000 188.000 28.846 1.000 1.000 1.000 1.000
272.000 180.000 28.846 2.000 1.000 1.000 1.000
216.000 186.000 28.842 3.000 1.000 1.000 1.000
373.000 154.000 28.883 4.000 1.000 1.000 1.000
2.000 189.000 28.852 1.000 1.000 1.000 1.000
274.000 187.000 28.851 2.000 1.000 1.000 1.000
220.000 184.000 28.848 3.000 1.000 1.000 1.000
369.000 154.000 28.889 4.000 1.000 1.000 1.000
277.000 194.000 28.857 2.000 1.000 1.000 1.000
224.000 182.000 28.854 3.000 1.000 1.000 1.000
365.000 152.000 28.895 4.000 1.000 1.000 1.000
279.000 201.000 28.863 2.000 1.000 1.000 1.000
229.000 181.000 28.860 3.000 1.000 1.000 1.000
362.000 152.000 28.900 4.000 1.000 1.000 1.000
282.000 208.000 28.869 2.000 1.000 1.000 1.000
233.000 179.000 28.865 3.000 1.000 1.000 1.000
358.000 151.000 28.906 4.000 1.000 1.000 1.000
285.000 214.000 28.875 2.000 1.000 1.000 1.000
237.000 178.000 28.871 3.000 1.000 1.000 1.000
354.000 151.000 28.912 4.000 1.000 1.000 1.000
287.000 221.000 28.881 2.000 1.000 1.000 1.000
241.000 176.000 28.877 3.000 1.000 1.000 1.000
351.000 150.000 28.918 4.000 1.000 1.000 1.000
290.000 229.000 28.886 2.000 1.000 1.000 1.000
246.000 176.000 28.883 3.000 1.000 1.000 1.000
348.000 150.000 28.924 4.000 1.000 1.000 1.000
292.000 236.000 28.892 2.000 1.000 1.000 1.000
250.000 174.000 28.889 3.000 1.000 1.000 1.000
345.000 150.000 28.930 4.000 1.000 1.000 1.000
295.000 247.000 28.898 2.000 1.000 1.000 1.000
254.000 174.000 28.895 3.000 1.000 1.000 1.000
341.000 150.000 28.935 4.000 1.000 1.000 1.000
298.000 252.000 28.904 2.000 1.000 1.000 1.000
258.000 173.000 28.900 3.000 1.000 1.000 1.000
337.000 150.000 28.941 4.000 1.000 1.000 1.000
300.000 261.000 28.910 2.000 1.000 1.000 1.000
262.000 172.000 28.906 3.000 1.000 1.000 1.000
334.000 150.000 28.947 4.000 1.000 1.000 1.000
303.000 268.000 28.916 2.000 1.000 1.000 1.000
266.000 172.000 28.912 3.000 1.000 1.000 1.000
330.000 150.000 28.953 4.000 1.000 1.000 1.000
305.000 277.000 28.921 2.000 1.000 1.000 1.000
269.000 171.000 28.918 3.000 1.000 1.000 1.000
327.000 151.000 28.959 4.000 1.000 1.000 1.000
308.000 285.000 28.927 2.000 1.000 1.000 1.000
274.000 171.000 28.924 3.000 1.000 1.000 1.000
324.000 151.000 28.965 4.000 1.000 1.000 1.000
310.000 294.000 28.933 2.000 1.000 1.000 1.000
277.000 171.000 28.930 3.000 1.000 1.000 1.000
320.000 152.000 28.970 4.000 1.000 1.000 1.000
309.000 288.000 28.939 2.000 1.000 1.000 1.000
281.000 171.000 28.935 3.000 1.000 1.000 1.000
317.000 152.000 28.976 4.000 1.000 1.000 1.000
311.000 296.000 28.945 2.000 1.000 1.000 1.000
285.000 171.000 28.941 3.000 1.000 1.000 1.000
313.000 153.000 28.982 4.000 1.000 1.000 1.000
288.000 171.000 28.947 3.000 1.000 1.000 1.000
311.000 153.000 28.988 4.000 1.000 1.000 1.000
292.000 171.000 28.953 3.000 1.000 1.000 1.000
307.000 154.000 28.994 4.000 1.000 1.000 1.000
296.000 171.000 28.959 3.000 1.000 1.000 1.000
304.000 155.000 29.000 4.000 1.000 1.000 1.000
299.000 172.000 28.965 3.000 1.000 1.000 1.000
301.000 156.000 29.005 4.000 1.000 1.000 1.000
302.000 172.000 28.970 3.000 1.000 1.000 1.000
298.000 157.000 29.011 4.000 1.000 1.000 1.000
306.000 172.000 28.976 3.000 1.000 1.000 1.000
297.000 151.000 29.017 4.000 1.000 1.000 1.000
309.000 173.000 28.982 3.000 1.000 1.000 1.000
297.000 146.000 29.023 4.000 1.000 1.000 1.000
313.000 173.000 28.988 3.000 1.000 1.000 1.000
296.000 140.000 29.029 4.000 1.000 1.000 1.000
316.000 174.000 28.994 3.000 1.000 1.000 1.000
295.000 135.000 29.035 4.000 1.000 1.000 1.000
320.000 175.000 29.000 3.000 1.000 1.000 1.000
295.000 130.000 29.040 4.000 1.000 1.000 1.000
323.000 176.000 29.005 3.000 1.000 1.000 1.000
294.000 125.000 29.046 4.000 1.000 1.000 1.000
326.000 177.000 29.011 3.000 1.000 1.000 1.000
294.000 121.000 29.052 4.000 1.000 1.000 1.000
327.000 172.000 29.017 3.000 1.000 1.000 1.000
293.000 116.000 29.058 4.000 1.000 1.000 1.000
328.000 166.000 29.023 3.000 1.000 1.000 1.000
292.000 111.000 29.064 4.000 1.000 1.000 1.000
329.000 159.000 29.029 3.000 1.000 1.000 1.000
291.000 107.000 29.070 4.000 1.000 1.000 1.000
330.000 154.000 29.035 3.000 1.000 1.000 1.000
291.000 102.000 29.075 4.000 1.000 1.000 1.000
332.000 148.000 29.040 3.000 1.000 1.000 1.000
290.000 98.000 29.081 4.000 1.000 1.000 1.000
332.000 143.000 29.046 3.000 1.000 1.000 1.000
290.000 95.000 29.087 4.000 1.000 1.000 1.000
334.000 138.000 29.052 3.000 1.000 1.000 1.000
289.000 90.000 29.093 4.000 1.000 1.000 1.000
335.000 132.000 29.058 3.000 1.000 1.000 1.000
288.000 86.000 29.099 4.000 1.000 1.000 1.000
336.000 127.000 29.064 3.000 1.000 1.000 1.000
287.000 82.000 29.104 4.000 1.000 1.000 1.000
337.000 122.000 29.070 3.000 1.000 1.000 1.000
287.000 78.000 29.110 4.000 1.000 1.000 1.000
338.000 117.000 29.075 3.000 1.000 1.000 1.000
286.000 74.000 29.116 4.000 1.000 1.000 1.000
340.000 112.000 29.081 3.000 1.000 1.000 1.000
285.000 70.000 29.122 4.000 1.000 1.000 1.000
340.000 108.000 29.087 3.000 1.000 1.000 1.000
284.000 66.000 29.128 4.000 1.000 1.000 1.000
342.000 102.000 29.093 3.000 1.000 1.000 1.000
284.000 63.000 29.134 4.000 1.000 1.000 1.000
343.000 99.000 29.099 3.000 1.000 1.000 1.000
281.000 59.000 29.139 4.000 1.000 1.000 1.000
344.000 95.000 29.105 3.000 1.000 1.000 1.000
281.000 56.000 29.145 4.000 1.000 1.000 1.000
345.000 90.000 29.110 3.000 1.000 1.000 1.000
-214748119.600 -214748343.000 29.151 4.000 1.000 1.000 1.000
346.000 87.000 29.116 3.000 1.000 1.000 1.000
347.000 82.000 29.122 3.000 1.000 1.000 1.000
-214748123.600 -214748351.000 29.168 4.000 1.000 1.000 1.000
349.000 79.000 29.128 3.000 1.000 1.000 1.000
350.000 75.000 29.134 3.000 1.000 1.000 1.000
351.000 71.000 29.140 3.000 1.000 1.000 1.000
352.000 68.000 29.145 3.000 1.000 1.000 1.000
353.000 64.000 29.151 3.000 1.000 1.000 1.000
355.000 61.000 29.157 3.000 1.000 1.000 1.000
356.000 58.000 29.163 3.000 1.000 1.000 1.000
357.000 55.000 29.169 3.000 1.000 1.000 1.000
358.000 52.000 29.174 3.000 1.000 1.000 1.000
251.000 8.000 29.298 4.000 1.000 1.000 1.000
359.000 49.000 29.180 3.000 1.000 1.000 1.000
248.000 8.000 29.304 4.000 1.000 1.000 1.000
361.000 46.000 29.186 3.000 1.000 1.000 1.000
246.000 8.000 29.309 4.000 1.000 1.000 1.000
362.000 43.000 29.192 3.000 1.000 1.000 1.000
245.000 9.000 29.315 4.000 1.000 1.000 1.000
364.000 40.000 29.198 3.000 1.000 1.000 1.000
-214748155.600 -214748364.000 29.321 4.000 1.000 1.000 1.000
364.000 37.000 29.204 3.000 1.000 1.000 1.000
174.000 78.000 29.672 2.000 1.000 1.000 1.000
366.000 35.000 29.209 3.000 1.000 1.000 1.000
171.000 79.000 29.678 2.000 1.000 1.000 1.000
367.000 32.000 29.215 3.000 1.000 1.000 1.000
177.000 75.000 29.683 2.000 1.000 1.000 1.000
368.000 29.000 29.221 3.000 1.000 1.000 1.000
370.000 27.000 29.227 3.000 1.000 1.000 1.000
369.000 24.000 29.233 3.000 1.000 1.000 1.000
370.000 21.000 29.239 3.000 1.000 1.000 1.000
226.000 42.000 29.733 2.000 1.000 1.000 1.000
371.000 20.000 29.244 3.000 1.000 1.000 1.000
204.000 21.000 29.739 2.000 1.000 1.000 1.000
371.000 18.000 29.250 3.000 1.000 1.000 1.000
205.000 19.000 29.745 2.000 1.000 1.000 1.000
372.000 17.000 29.256 3.000 1.000 1.000 1.000
373.000 16.000 29.262 3.000 1.000 1.000 1.000
374.000 15.000 29.268 3.000 1.000 1.000 1.000
329.000 214748364.000 29.274 3.000 1.000 1.000 1.000
198.000 40.000 29.548 4.000 1.000 1.000 1.000
202.000 36.000 29.554 4.000 1.000 1.000 1.000
199.000 40.000 29.560 4.000 1.000 1.000 1.000
244.000 52.000 29.892 2.000 1.000 1.000 1.000
240.000 72.000 29.898 2.000 1.000 1.000 1.000
256.000 80.000 29.904 2.000 1.000 1.000 1.000
383.000 89.000 30.216 1.000 1.000 1.000 1.000
392.000 92.000 30.222 1.000 1.000 1.000 1.000
251.000 76.000 29.954 2.000 1.000 1.000 1.000
216.000 80.000 29.960 2.000 1.000 1.000 1.000
217.000 80.000 29.965 2.000 1.000 1.000 1.000
217.000 80.000 29.971 2.000 1.000 1.000 1.000
284.000 2.000 30.037 2.000 1.000 1.000 1.000
286.000 2.000 30.043 2.000 1.000 1.000 1.000
287.000 2.000 30.049 2.000 1.000 1.000 1.000
288.000 2.000 30.055 2.000 1.000 1.000 1.000
290.000 2.000 30.061 2.000 1.000 1.000 1.000
291.000 2.000 30.066 2.000 1.000 1.000 1.000
291.000 2.000 30.072 2.000 1.000 1.000 1.000
293.000 2.000 30.078 2.000 1.000 1.000 1.000
293.000 2.000 30.084 2.000 1.000 1.000 1.000
295.000 1.000 30.090 2.000 1.000 1.000 1.000
295.000 1.000 30.096 2.000 1.000 1.000 1.000
293.000 2.000 30.101 2.000 1.000 1.000 1.000
288.000 9.000 30.107 2.000 1.000 1.000 1.000
301.000 0.000 30.113 2.000 1.000 1.000 1.000
303.000 0.000 30.119 2.000 1.000 1.000 1.000
300.000 1.000 30.125 2.000 1.000 1.000 1.000
288.000 17.000 30.131 2.000 1.000 1.000 1.000
253.000 72.000 30.264 2.000 1.000 1.000 1.000
250.000 54.000 30.270 2.000 1.000 1.000 1.000
254.000 55.000 30.276 2.000 1.000 1.000 1.000
253.000 32.000 30.281 2.000 1.000 1.000 1.000
265.000 4.000 30.287 2.000 1.000 1.000 1.000
269.000 2.000 30.293 2.000 1.000 1.000 1.000
258.000 39.000 30.299 2.000 1.000 1.000 1.000
260.000 65.000 30.305 2.000 1.000 1.000 1.000
310.000 63.000 30.354 2.000 1.000 1.000 1.000
313.000 54.000 30.360 2.000 1.000 1.000 1.000
318.000 68.000 30.366 2.000 1.000 1.000 1.000
330.000 38.000 30.399 2.000 1.000 1.000 1.000
331.000 27.000 30.405 2.000 1.000 1.000 1.000
360.000 3.000 30.410 2.000 1.000 1.000 1.000
361.000 4.000 30.416 2.000 1.000 1.000 1.000
362.000 3.000 30.422 2.000 1.000 1.000 1.000
363.000 3.000 30.428 2.000 1.000 1.000 1.000
333.000 66.000 30.434 2.000 1.000 1.000 1.000
333.000 65.000 30.440 2.000 1.000 1.000 1.000
336.000 64.000 30.445 2.000 1.000 1.000 1.000
337.000 64.000 30.451 2.000 1.000 1.000 1.000
340.000 62.000 30.457 2.000 1.000 1.000 1.000
342.000 61.000 30.463 2.000 1.000 1.000 1.000
343.000 59.000 30.469 2.000 1.000 1.000 1.000
346.000 27.000 30.475 2.000 1.000 1.000 1.000
393.000 4.000 30.541 2.000 1.000 1.000 1.000
365.000 64.000 30.547 2.000 1.000 1.000 1.000
369.000 60.000 30.553 2.000 1.000 1.000 1.000
332.000 67.000 30.558 2.000 1.000 1.000 1.000
330.000 68.000 30.564 2.000 1.000 1.000 1.000
336.000 67.000 30.570 2.000 1.000 1.000 1.000
329.000 70.000 30.576 2.000 1.000 1.000 1.000
333.000 69.000 30.582 2.000 1.000 1.000 1.000
336.000 66.000 30.588 2.000 1.000 1.000 1.000
336.000 69.000 30.593 2.000 1.000 1.000 1.000
329.000 37.000 30.644 2.000 1.000 1.000 1.000
340.000 9.000 30.650 2.000 1.000 1.000 1.000
343.000 1.000 30.655 2.000 1.000 1.000 1.000
385.000 75.000 30.821 2.000 1.000 1.000 1.000
366.000 86.000 30.827 2.000 1.000 1.000 1.000
396.000 75.000 30.833 2.000 1.000 1.000 1.000
389.000 102.000 30.882 2.000 1.000 1.000 1.000
393.000 118.000 31.044 2.000 1.000 1.000 1.000
5.000 182.000 32.942 3.000 1.000 1.000 1.000
7.000 184.000 32.947 3.000 1.000 1.000 1.000
5.000 84.000 33.237 3.000 1.000 1.000 1.000
8.000 88.000 33.243 3.000 1.000 1.000 1.000
11.000 85.000 33.248 3.000 1.000 1.000 1.000
11.000 73.000 33.254 3.000 1.000 1.000 1.000
36.000 86.000 33.303 3.000 1.000 1.000 1.000
38.000 85.000 33.309 3.000 1.000 1.000 1.000
41.000 83.000 33.315 3.000 1.000 1.000 1.000
41.000 84.000 33.321 3.000 1.000 1.000 1.000
43.000 83.000 33.327 3.000 1.000 1.000 1.000
45.000 81.000 33.333 3.000 1.000 1.000 1.000
46.000 81.000 33.338 3.000 1.000 1.000 1.000
47.000 81.000 33.344 3.000 1.000 1.000 1.000
46.000 81.000 33.350 3.000 1.000 1.000 1.000
48.000 80.000 33.356 3.000 1.000 1.000 1.000
48.000 81.000 33.362 3.000 1.000 1.000 1.000
49.000 80.000 33.368 3.000 1.000 1.000 1.000
50.000 80.000 33.373 3.000 1.000 1.000 1.000
51.000 79.000 33.379 3.000 1.000 1.000 1.000
49.000 80.000 33.385 3.000 1.000 1.000 1.000
50.000 79.000 33.391 3.000 1.000 1.000 1.000
52.000 78.000 33.397 3.000 1.000 1.000 1.000
49.000 80.000 33.403 3.000 1.000 1.000 1.000
52.000 78.000 33.408 3.000 1.000 1.000 1.000
49.000 79.000 33.414 3.000 1.000 1.000 1.000
49.000 79.000 33.420 3.000 1.000 1.000 1.000
49.000 80.000 33.426 3.000 1.000 1.000 1.000
48.000 80.000 33.432 3.000 1.000 1.000 1.000
50.000 79.000 33.438 3.000 1.000 1.000 1.000
49.000 79.000 33.443 3.000 1.000 1.000 1.000
49.000 79.000 33.449 3.000 1.000 1.000 1.000
48.000 80.000 33.455 3.000 1.000 1.000 1.000
50.000 79.000 33.461 3.000 1.000 1.000 1.000
49.000 79.000 33.467 3.000 1.000 1.000 1.000
48.000 80.000 33.473 3.000 1.000 1.000 1.000
50.000 79.000 33.478 3.000 1.000 1.000 1.000
50.000 79.000 33.484 3.000 1.000 1.000 1.000
48.000 80.000 33.490 3.000 1.000 1.000 1.000
50.000 79.000 33.496 3.000 1.000 1.000 1.000
50.000 79.000 33.502 3.000 1.000 1.000 1.000
51.000 79.000 33.508 3.000 1.000 1.000 1.000
50.000 79.000 33.513 3.000 1.000 1.000 1.000
50.000 79.000 33.519 3.000 1.000 1.000 1.000
50.000 79.000 33.525 3.000 1.000 1.000 1.000
50.000 79.000 33.531 3.000 1.000 1.000 1.000
50.000 79.000 33.537 3.000 1.000 1.000 1.000
50.000 79.000 33.543 3.000 1.000 1.000 1.000
50.000 79.000 33.548 3.000 1.000 1.000 1.000
51.000 79.000 33.554 3.000 1.000 1.000 1.000
49.000 79.000 33.560 3.000 1.000 1.000 1.000
52.000 78.000 33.566 3.000 1.000 1.000 1.000
51.000 79.000 33.572 3.000 1.000 1.000 1.000
51.000 78.000 33.578 3.000 1.000 1.000 1.000
50.000 79.000 33.583 3.000 1.000 1.000 1.000
50.000 79.000 33.589 3.000 1.000 1.000 1.000
51.000 78.000 33.595 3.000 1.000 1.000 1.000
51.000 78.000 33.601 3.000 1.000 1.000 1.000
51.000 79.000 33.607 3.000 1.000 1.000 1.000
22.000 82.000 33.613 3.000 1.000 1.000 1.000
51.000 78.000 33.618 3.000 1.000 1.000 1.000
52.000 78.000 33.624 3.000 1.000 1.000 1.000
52.000 77.000 33.630 3.000 1.000 1.000 1.000
45.000 45.000 33.636 3.000 1.000 1.000 1.000
41.000 84.000 33.685 3.000 1.000 1.000 1.000
42.000 83.000 33.691 3.000 1.000 1.000 1.000
45.000 81.000 33.697 3.000 1.000 1.000 1.000
42.000 83.000 33.703 3.000 1.000 1.000 1.000
46.000 81.000 33.709 3.000 1.000 1.000 1.000
47.000 81.000 33.714 3.000 1.000 1.000 1.000
83.000 51.000 33.720 3.000 1.000 1.000 1.000
52.000 78.000 33.726 3.000 1.000 1.000 1.000
82.000 49.000 33.732 3.000 1.000 1.000 1.000
83.000 46.000 33.738 3.000 1.000 1.000 1.000
52.000 78.000 33.744 3.000 1.000 1.000 1.000
83.000 49.000 33.749 3.000 1.000 1.000 1.000
52.000 78.000 33.755 3.000 1.000 1.000 1.000
82.000 49.000 33.761 3.000 1.000 1.000 1.000
81.000 45.000 33.767 3.000 1.000 1.000 1.000
51.000 78.000 33.773 3.000 1.000 1.000 1.000
82.000 49.000 33.779 3.000 1.000 1.000 1.000
81.000 45.000 33.784 3.000 1.000 1.000 1.000
51.000 78.000 33.790 3.000 1.000 1.000 1.000
82.000 48.000 33.796 3.000 1.000 1.000 1.000
83.000 48.000 33.802 3.000 1.000 1.000 1.000
53.000 77.000 33.808 3.000 1.000 1.000 1.000
82.000 49.000 33.814 3.000 1.000 1.000 1.000
51.000 77.000 33.819 3.000 1.000 1.000 1.000
82.000 48.000 33.825 3.000 1.000 1.000 1.000
82.000 45.000 33.831 3.000 1.000 1.000 1.000
52.000 78.000 33.837 3.000 1.000 1.000 1.000
82.000 49.000 33.843 3.000 1.000 1.000 1.000
82.000 47.000 33.849 3.000 1.000 1.000 1.000
52.000 78.000 33.854 3.000 1.000 1.000 1.000
82.000 48.000 33.860 3.000 1.000 1.000 1.000
81.000 45.000 33.866 3.000 1.000 1.000 1.000
51.000 79.000 33.872 3.000 1.000 1.000 1.000
82.000 49.000 33.878 3.000 1.000 1.000 1.000
52.000 78.000 33.884 3.000 1.000 1.000 1.000
82.000 49.000 33.889 3.000 1.000 1.000 1.000
81.000 47.000 33.895 3.000 1.000 1.000 1.000
81.000 47.000 33.901 3.000 1.000 1.000 1.000
52.000 78.000 33.907 3.000 1.000 1.000 1.000
82.000 49.000 33.913 3.000 1.000 1.000 1.000
81.000 46.000 33.919 3.000 1.000 1.000 1.000
91.000 22.000 33.924 3.000 1.000 1.000 1.000
82.000 47.000 33.930 3.000 1.000 1.000 1.000
81.000 45.000 33.936 3.000 1.000 1.000 1.000
82.000 46.000 33.942 3.000 1.000 1.000 1.000
93.000 21.000 33.948 3.000 1.000 1.000 1.000
81.000 45.000 33.954 3.000 1.000 1.000 1.000
92.000 19.000 33.959 3.000 1.000 1.000 1.000
