-1030.764 413.113 136.074 7.458 2388.207 1453.194 1.000
-1021.476 421.643 107.825 7.463 1808.069 1713.777 1.000
-1014.332 431.156 72.994 7.468 1575.487 1818.851 1.000
-139.310 708.697 -310.129 8.059 356.234 412.455 1.000
293.893 600.760 -356.077 16.728 2990.756 -143.350 1.000
308.832 600.044 -357.253 16.733 2990.756 -143.350 1.000
298.490 590.228 -358.569 16.738 101.863 -1159.193 1.000
308.792 588.011 -354.437 16.743 -2429.062 -2036.602 1.000
299.371 578.065 -345.050 16.748 -2226.088 -1983.025 1.000
355.202 591.109 -357.989 16.753 1790.537 -573.060 1.000
384.616 819.139 -362.982 19.977 -479.252 261.035 1.000
378.713 821.906 -381.871 19.982 -957.090 461.468 1.000
