144.000 29.000 1.697 3.000 1.000 1.000 1.000
115.000 17.000 2.589 3.000 1.000 1.000 1.000
109.000 13.000 2.672 3.000 1.000 1.000 1.000
80.000 16.000 2.876 3.000 1.000 1.000 1.000
74.000 6.000 2.882 3.000 1.000 1.000 1.000
43.000 41.000 2.997 3.000 1.000 1.000 1.000
40.000 40.000 3.003 3.000 1.000 1.000 1.000
35.000 45.000 3.009 3.000 1.000 1.000 1.000
26.000 43.000 3.058 3.000 1.000 1.000 1.000
23.000 87.000 3.108 3.000 1.000 1.000 1.000
13.000 57.000 3.113 3.000 1.000 1.000 1.000
10.000 55.000 3.119 3.000 1.000 1.000 1.000
3.000 38.000 3.125 3.000 1.000 1.000 1.000
7.000 55.000 3.131 3.000 1.000 1.000 1.000
16.000 70.000 3.137 3.000 1.000 1.000 1.000
6.000 87.000 3.143 3.000 1.000 1.000 1.000
13.000 85.000 3.148 3.000 1.000 1.000 1.000
4.000 86.000 3.154 3.000 1.000 1.000 1.000
4.000 86.000 3.160 3.000 1.000 1.000 1.000
3.000 87.000 3.166 3.000 1.000 1.000 1.000
63.000 143.000 3.199 3.000 1.000 1.000 1.000
46.000 159.000 3.205 3.000 1.000 1.000 1.000
46.000 161.000 3.211 3.000 1.000 1.000 1.000
44.000 153.000 3.217 3.000 1.000 1.000 1.000
45.000 154.000 3.223 3.000 1.000 1.000 1.000
43.000 155.000 3.228 3.000 1.000 1.000 1.000
42.000 155.000 3.234 3.000 1.000 1.000 1.000
46.000 155.000 3.240 3.000 1.000 1.000 1.000
43.000 155.000 3.246 3.000 1.000 1.000 1.000
6.000 185.000 3.296 3.000 1.000 1.000 1.000
10.000 200.000 3.302 3.000 1.000 1.000 1.000
2.000 178.000 3.307 3.000 1.000 1.000 1.000
6.000 190.000 3.313 3.000 1.000 1.000 1.000
396.000 116.000 6.123 2.000 1.000 1.000 1.000
396.000 114.000 6.128 2.000 1.000 1.000 1.000
394.000 73.000 6.255 2.000 1.000 1.000 1.000
381.000 25.000 6.638 2.000 1.000 1.000 1.000
348.000 4.000 6.644 2.000 1.000 1.000 1.000
349.000 60.000 6.650 2.000 1.000 1.000 1.000
337.000 37.000 6.655 2.000 1.000 1.000 1.000
349.000 20.000 6.661 2.000 1.000 1.000 1.000
350.000 17.000 6.667 2.000 1.000 1.000 1.000
349.000 17.000 6.673 2.000 1.000 1.000 1.000
344.000 19.000 6.679 2.000 1.000 1.000 1.000
348.000 16.000 6.685 2.000 1.000 1.000 1.000
343.000 17.000 6.690 2.000 1.000 1.000 1.000
346.000 16.000 6.696 2.000 1.000 1.000 1.000
345.000 19.000 6.702 2.000 1.000 1.000 1.000
342.000 17.000 6.708 2.000 1.000 1.000 1.000
336.000 15.000 6.714 2.000 1.000 1.000 1.000
340.000 37.000 7.126 2.000 1.000 1.000 1.000
352.000 5.000 7.131 2.000 1.000 1.000 1.000
351.000 4.000 7.137 2.000 1.000 1.000 1.000
336.000 33.000 7.143 2.000 1.000 1.000 1.000
349.000 5.000 7.149 2.000 1.000 1.000 1.000
348.000 5.000 7.155 2.000 1.000 1.000 1.000
347.000 5.000 7.161 2.000 1.000 1.000 1.000
347.000 3.000 7.166 2.000 1.000 1.000 1.000
331.000 30.000 7.172 2.000 1.000 1.000 1.000
330.000 30.000 7.178 2.000 1.000 1.000 1.000
337.000 37.000 7.184 2.000 1.000 1.000 1.000
330.000 31.000 7.190 2.000 1.000 1.000 1.000
329.000 29.000 7.196 2.000 1.000 1.000 1.000
328.000 29.000 7.201 2.000 1.000 1.000 1.000
327.000 28.000 7.207 2.000 1.000 1.000 1.000
326.000 28.000 7.213 2.000 1.000 1.000 1.000
326.000 31.000 7.219 2.000 1.000 1.000 1.000
332.000 37.000 7.225 2.000 1.000 1.000 1.000
310.000 66.000 7.274 2.000 1.000 1.000 1.000
308.000 70.000 7.280 2.000 1.000 1.000 1.000
313.000 76.000 7.286 2.000 1.000 1.000 1.000
308.000 30.000 7.335 2.000 1.000 1.000 1.000
319.000 3.000 7.340 2.000 1.000 1.000 1.000
307.000 66.000 7.346 2.000 1.000 1.000 1.000
393.000 20.000 7.400 1.000 1.000 1.000 1.000
394.000 20.000 7.406 1.000 1.000 1.000 1.000
393.000 3.000 7.411 1.000 1.000 1.000 1.000
393.000 3.000 7.417 1.000 1.000 1.000 1.000
393.000 3.000 7.423 1.000 1.000 1.000 1.000
392.000 3.000 7.429 1.000 1.000 1.000 1.000
392.000 2.000 7.435 1.000 1.000 1.000 1.000
392.000 2.000 7.441 1.000 1.000 1.000 1.000
392.000 0.000 7.447 1.000 1.000 1.000 1.000
391.000 2.000 7.452 1.000 1.000 1.000 1.000
391.000 3.000 7.458 1.000 1.000 1.000 1.000
391.000 3.000 7.464 1.000 1.000 1.000 1.000
391.000 3.000 7.470 1.000 1.000 1.000 1.000
391.000 3.000 7.476 1.000 1.000 1.000 1.000
391.000 1.000 7.482 1.000 1.000 1.000 1.000
387.000 1.000 7.487 1.000 1.000 1.000 1.000
387.000 -1.000 7.493 1.000 1.000 1.000 1.000
392.000 -3.000 7.499 1.000 1.000 1.000 1.000
386.000 0.000 7.505 1.000 1.000 1.000 1.000
347.000 5.000 8.176 1.000 1.000 1.000 1.000
334.000 6.000 8.182 1.000 1.000 1.000 1.000
334.000 6.000 8.188 1.000 1.000 1.000 1.000
346.000 4.000 8.194 1.000 1.000 1.000 1.000
336.000 6.000 8.200 1.000 1.000 1.000 1.000
347.000 5.000 8.205 1.000 1.000 1.000 1.000
336.000 7.000 8.211 1.000 1.000 1.000 1.000
345.000 5.000 8.217 1.000 1.000 1.000 1.000
346.000 5.000 8.223 1.000 1.000 1.000 1.000
197.000 4.000 8.743 2.000 1.000 1.000 1.000
355.000 44.000 9.279 1.000 1.000 1.000 1.000
355.000 44.000 9.285 1.000 1.000 1.000 1.000
347.000 12.000 9.290 1.000 1.000 1.000 1.000
354.000 43.000 9.296 1.000 1.000 1.000 1.000
335.000 47.000 9.302 1.000 1.000 1.000 1.000
342.000 14.000 9.308 1.000 1.000 1.000 1.000
334.000 47.000 9.314 1.000 1.000 1.000 1.000
333.000 47.000 9.320 1.000 1.000 1.000 1.000
329.000 19.000 9.325 1.000 1.000 1.000 1.000
332.000 36.000 9.374 1.000 1.000 1.000 1.000
319.000 27.000 9.380 1.000 1.000 1.000 1.000
312.000 26.000 9.386 1.000 1.000 1.000 1.000
309.000 27.000 9.392 1.000 1.000 1.000 1.000
307.000 27.000 9.397 1.000 1.000 1.000 1.000
305.000 29.000 9.403 1.000 1.000 1.000 1.000
302.000 28.000 9.409 1.000 1.000 1.000 1.000
301.000 30.000 9.415 1.000 1.000 1.000 1.000
298.000 30.000 9.421 1.000 1.000 1.000 1.000
312.000 24.000 9.427 1.000 1.000 1.000 1.000
294.000 35.000 9.432 1.000 1.000 1.000 1.000
293.000 37.000 9.438 1.000 1.000 1.000 1.000
290.000 37.000 9.444 1.000 1.000 1.000 1.000
288.000 41.000 9.450 1.000 1.000 1.000 1.000
285.000 40.000 9.456 1.000 1.000 1.000 1.000
283.000 42.000 9.462 1.000 1.000 1.000 1.000
280.000 44.000 9.467 1.000 1.000 1.000 1.000
278.000 45.000 9.473 1.000 1.000 1.000 1.000
276.000 48.000 9.479 1.000 1.000 1.000 1.000
273.000 49.000 9.485 1.000 1.000 1.000 1.000
271.000 52.000 9.491 1.000 1.000 1.000 1.000
268.000 53.000 9.497 1.000 1.000 1.000 1.000
266.000 56.000 9.502 1.000 1.000 1.000 1.000
336.000 39.000 9.501 2.000 1.000 1.000 1.000
343.000 41.000 9.507 2.000 1.000 1.000 1.000
264.000 59.000 9.508 1.000 1.000 1.000 1.000
347.000 42.000 9.513 2.000 1.000 1.000 1.000
261.000 60.000 9.514 1.000 1.000 1.000 1.000
351.000 46.000 9.519 2.000 1.000 1.000 1.000
259.000 65.000 9.520 1.000 1.000 1.000 1.000
356.000 47.000 9.525 2.000 1.000 1.000 1.000
256.000 66.000 9.526 1.000 1.000 1.000 1.000
360.000 49.000 9.530 2.000 1.000 1.000 1.000
253.000 69.000 9.531 1.000 1.000 1.000 1.000
364.000 51.000 9.536 2.000 1.000 1.000 1.000
251.000 73.000 9.537 1.000 1.000 1.000 1.000
368.000 55.000 9.542 2.000 1.000 1.000 1.000
249.000 75.000 9.543 1.000 1.000 1.000 1.000
326.000 259.000 9.543 4.000 1.000 1.000 1.000
373.000 60.000 9.548 2.000 1.000 1.000 1.000
247.000 79.000 9.549 1.000 1.000 1.000 1.000
316.000 248.000 9.548 4.000 1.000 1.000 1.000
377.000 62.000 9.554 2.000 1.000 1.000 1.000
243.000 82.000 9.555 1.000 1.000 1.000 1.000
311.000 243.000 9.554 4.000 1.000 1.000 1.000
241.000 87.000 9.561 1.000 1.000 1.000 1.000
373.000 56.000 9.560 2.000 1.000 1.000 1.000
305.000 237.000 9.560 4.000 1.000 1.000 1.000
238.000 90.000 9.566 1.000 1.000 1.000 1.000
385.000 69.000 9.565 2.000 1.000 1.000 1.000
300.000 231.000 9.566 4.000 1.000 1.000 1.000
236.000 94.000 9.572 1.000 1.000 1.000 1.000
391.000 70.000 9.571 2.000 1.000 1.000 1.000
295.000 226.000 9.572 4.000 1.000 1.000 1.000
234.000 97.000 9.578 1.000 1.000 1.000 1.000
386.000 66.000 9.577 2.000 1.000 1.000 1.000
289.000 220.000 9.578 4.000 1.000 1.000 1.000
231.000 101.000 9.584 1.000 1.000 1.000 1.000
284.000 216.000 9.583 4.000 1.000 1.000 1.000
228.000 104.000 9.590 1.000 1.000 1.000 1.000
279.000 211.000 9.589 4.000 1.000 1.000 1.000
225.000 109.000 9.596 1.000 1.000 1.000 1.000
274.000 206.000 9.595 4.000 1.000 1.000 1.000
223.000 113.000 9.601 1.000 1.000 1.000 1.000
269.000 202.000 9.601 4.000 1.000 1.000 1.000
220.000 118.000 9.607 1.000 1.000 1.000 1.000
17.000 178.000 9.678 3.000 1.000 1.000 1.000
264.000 198.000 9.607 4.000 1.000 1.000 1.000
218.000 123.000 9.613 1.000 1.000 1.000 1.000
26.000 174.000 9.684 3.000 1.000 1.000 1.000
259.000 194.000 9.613 4.000 1.000 1.000 1.000
215.000 127.000 9.619 1.000 1.000 1.000 1.000
31.000 173.000 9.690 3.000 1.000 1.000 1.000
254.000 190.000 9.618 4.000 1.000 1.000 1.000
213.000 133.000 9.625 1.000 1.000 1.000 1.000
35.000 171.000 9.695 3.000 1.000 1.000 1.000
250.000 186.000 9.624 4.000 1.000 1.000 1.000
210.000 138.000 9.631 1.000 1.000 1.000 1.000
40.000 170.000 9.701 3.000 1.000 1.000 1.000
245.000 183.000 9.630 4.000 1.000 1.000 1.000
207.000 144.000 9.636 1.000 1.000 1.000 1.000
45.000 169.000 9.707 3.000 1.000 1.000 1.000
241.000 179.000 9.636 4.000 1.000 1.000 1.000
204.000 150.000 9.642 1.000 1.000 1.000 1.000
48.000 166.000 9.713 3.000 1.000 1.000 1.000
236.000 177.000 9.642 4.000 1.000 1.000 1.000
202.000 155.000 9.648 1.000 1.000 1.000 1.000
53.000 166.000 9.719 3.000 1.000 1.000 1.000
231.000 173.000 9.648 4.000 1.000 1.000 1.000
199.000 161.000 9.654 1.000 1.000 1.000 1.000
59.000 166.000 9.725 3.000 1.000 1.000 1.000
227.000 171.000 9.653 4.000 1.000 1.000 1.000
196.000 167.000 9.660 1.000 1.000 1.000 1.000
64.000 164.000 9.730 3.000 1.000 1.000 1.000
222.000 168.000 9.659 4.000 1.000 1.000 1.000
194.000 173.000 9.666 1.000 1.000 1.000 1.000
67.000 163.000 9.736 3.000 1.000 1.000 1.000
218.000 165.000 9.665 4.000 1.000 1.000 1.000
191.000 179.000 9.671 1.000 1.000 1.000 1.000
72.000 162.000 9.742 3.000 1.000 1.000 1.000
214.000 163.000 9.671 4.000 1.000 1.000 1.000
188.000 186.000 9.677 1.000 1.000 1.000 1.000
76.000 161.000 9.748 3.000 1.000 1.000 1.000
210.000 161.000 9.677 4.000 1.000 1.000 1.000
186.000 193.000 9.683 1.000 1.000 1.000 1.000
80.000 161.000 9.754 3.000 1.000 1.000 1.000
205.000 159.000 9.682 4.000 1.000 1.000 1.000
183.000 199.000 9.689 1.000 1.000 1.000 1.000
85.000 160.000 9.760 3.000 1.000 1.000 1.000
201.000 157.000 9.688 4.000 1.000 1.000 1.000
181.000 206.000 9.695 1.000 1.000 1.000 1.000
89.000 160.000 9.765 3.000 1.000 1.000 1.000
198.000 155.000 9.694 4.000 1.000 1.000 1.000
179.000 214.000 9.701 1.000 1.000 1.000 1.000
93.000 160.000 9.771 3.000 1.000 1.000 1.000
193.000 154.000 9.700 4.000 1.000 1.000 1.000
176.000 221.000 9.706 1.000 1.000 1.000 1.000
97.000 159.000 9.777 3.000 1.000 1.000 1.000
189.000 152.000 9.706 4.000 1.000 1.000 1.000
173.000 228.000 9.712 1.000 1.000 1.000 1.000
101.000 159.000 9.783 3.000 1.000 1.000 1.000
185.000 151.000 9.712 4.000 1.000 1.000 1.000
170.000 236.000 9.718 1.000 1.000 1.000 1.000
106.000 160.000 9.789 3.000 1.000 1.000 1.000
181.000 150.000 9.717 4.000 1.000 1.000 1.000
168.000 243.000 9.724 1.000 1.000 1.000 1.000
109.000 160.000 9.795 3.000 1.000 1.000 1.000
177.000 149.000 9.723 4.000 1.000 1.000 1.000
165.000 252.000 9.730 1.000 1.000 1.000 1.000
113.000 160.000 9.800 3.000 1.000 1.000 1.000
174.000 148.000 9.729 4.000 1.000 1.000 1.000
163.000 259.000 9.736 1.000 1.000 1.000 1.000
117.000 160.000 9.806 3.000 1.000 1.000 1.000
170.000 147.000 9.735 4.000 1.000 1.000 1.000
160.000 270.000 9.741 1.000 1.000 1.000 1.000
121.000 160.000 9.812 3.000 1.000 1.000 1.000
166.000 146.000 9.741 4.000 1.000 1.000 1.000
158.000 275.000 9.747 1.000 1.000 1.000 1.000
125.000 161.000 9.818 3.000 1.000 1.000 1.000
162.000 145.000 9.747 4.000 1.000 1.000 1.000
155.000 284.000 9.753 1.000 1.000 1.000 1.000
129.000 161.000 9.824 3.000 1.000 1.000 1.000
159.000 145.000 9.752 4.000 1.000 1.000 1.000
153.000 292.000 9.759 1.000 1.000 1.000 1.000
133.000 162.000 9.830 3.000 1.000 1.000 1.000
155.000 144.000 9.758 4.000 1.000 1.000 1.000
155.000 286.000 9.765 1.000 1.000 1.000 1.000
137.000 163.000 9.835 3.000 1.000 1.000 1.000
152.000 144.000 9.764 4.000 1.000 1.000 1.000
153.000 295.000 9.771 1.000 1.000 1.000 1.000
140.000 164.000 9.841 3.000 1.000 1.000 1.000
148.000 144.000 9.770 4.000 1.000 1.000 1.000
144.000 164.000 9.847 3.000 1.000 1.000 1.000
145.000 144.000 9.776 4.000 1.000 1.000 1.000
145.000 159.000 9.853 3.000 1.000 1.000 1.000
141.000 144.000 9.782 4.000 1.000 1.000 1.000
146.000 153.000 9.859 3.000 1.000 1.000 1.000
138.000 144.000 9.787 4.000 1.000 1.000 1.000
147.000 148.000 9.865 3.000 1.000 1.000 1.000
134.000 144.000 9.793 4.000 1.000 1.000 1.000
148.000 142.000 9.870 3.000 1.000 1.000 1.000
131.000 144.000 9.799 4.000 1.000 1.000 1.000
149.000 136.000 9.876 3.000 1.000 1.000 1.000
128.000 144.000 9.805 4.000 1.000 1.000 1.000
151.000 131.000 9.882 3.000 1.000 1.000 1.000
125.000 145.000 9.811 4.000 1.000 1.000 1.000
152.000 126.000 9.888 3.000 1.000 1.000 1.000
122.000 145.000 9.817 4.000 1.000 1.000 1.000
153.000 121.000 9.894 3.000 1.000 1.000 1.000
118.000 146.000 9.822 4.000 1.000 1.000 1.000
154.000 115.000 9.900 3.000 1.000 1.000 1.000
115.000 147.000 9.828 4.000 1.000 1.000 1.000
155.000 111.000 9.905 3.000 1.000 1.000 1.000
112.000 148.000 9.834 4.000 1.000 1.000 1.000
156.000 106.000 9.911 3.000 1.000 1.000 1.000
109.000 148.000 9.840 4.000 1.000 1.000 1.000
158.000 101.000 9.917 3.000 1.000 1.000 1.000
106.000 149.000 9.846 4.000 1.000 1.000 1.000
159.000 97.000 9.923 3.000 1.000 1.000 1.000
105.000 144.000 9.852 4.000 1.000 1.000 1.000
160.000 92.000 9.929 3.000 1.000 1.000 1.000
104.000 138.000 9.857 4.000 1.000 1.000 1.000
161.000 88.000 9.935 3.000 1.000 1.000 1.000
103.000 132.000 9.863 4.000 1.000 1.000 1.000
162.000 84.000 9.940 3.000 1.000 1.000 1.000
102.000 126.000 9.869 4.000 1.000 1.000 1.000
163.000 80.000 9.946 3.000 1.000 1.000 1.000
100.000 120.000 9.875 4.000 1.000 1.000 1.000
165.000 76.000 9.952 3.000 1.000 1.000 1.000
100.000 115.000 9.881 4.000 1.000 1.000 1.000
166.000 72.000 9.958 3.000 1.000 1.000 1.000
99.000 109.000 9.887 4.000 1.000 1.000 1.000
167.000 69.000 9.964 3.000 1.000 1.000 1.000
98.000 104.000 9.892 4.000 1.000 1.000 1.000
168.000 65.000 9.969 3.000 1.000 1.000 1.000
96.000 98.000 9.898 4.000 1.000 1.000 1.000
170.000 61.000 9.975 3.000 1.000 1.000 1.000
95.000 94.000 9.904 4.000 1.000 1.000 1.000
171.000 58.000 9.981 3.000 1.000 1.000 1.000
94.000 90.000 9.910 4.000 1.000 1.000 1.000
172.000 54.000 9.987 3.000 1.000 1.000 1.000
93.000 84.000 9.916 4.000 1.000 1.000 1.000
174.000 51.000 9.993 3.000 1.000 1.000 1.000
92.000 79.000 9.922 4.000 1.000 1.000 1.000
175.000 48.000 9.999 3.000 1.000 1.000 1.000
91.000 73.000 9.927 4.000 1.000 1.000 1.000
177.000 45.000 10.004 3.000 1.000 1.000 1.000
90.000 69.000 9.933 4.000 1.000 1.000 1.000
178.000 42.000 10.010 3.000 1.000 1.000 1.000
89.000 65.000 9.939 4.000 1.000 1.000 1.000
179.000 39.000 10.016 3.000 1.000 1.000 1.000
88.000 61.000 9.945 4.000 1.000 1.000 1.000
181.000 33.000 10.022 3.000 1.000 1.000 1.000
87.000 57.000 9.951 4.000 1.000 1.000 1.000
181.000 37.000 10.028 3.000 1.000 1.000 1.000
86.000 52.000 9.957 4.000 1.000 1.000 1.000
146.000 -214748363.600 10.034 3.000 1.000 1.000 1.000
84.000 49.000 9.962 4.000 1.000 1.000 1.000
83.000 45.000 9.968 4.000 1.000 1.000 1.000
82.000 41.000 9.974 4.000 1.000 1.000 1.000
81.000 37.000 9.980 4.000 1.000 1.000 1.000
80.000 34.000 9.986 4.000 1.000 1.000 1.000
78.000 29.000 9.992 4.000 1.000 1.000 1.000
78.000 27.000 9.997 4.000 1.000 1.000 1.000
77.000 21.000 10.003 4.000 1.000 1.000 1.000
77.000 16.000 10.009 4.000 1.000 1.000 1.000
75.000 16.000 10.015 4.000 1.000 1.000 1.000
-214748325.600 17.000 10.021 4.000 1.000 1.000 1.000
230.000 2.000 10.229 3.000 1.000 1.000 1.000
228.000 2.000 10.235 3.000 1.000 1.000 1.000
238.000 4.000 10.241 3.000 1.000 1.000 1.000
239.000 5.000 10.247 3.000 1.000 1.000 1.000
239.000 5.000 10.253 3.000 1.000 1.000 1.000
240.000 8.000 10.259 3.000 1.000 1.000 1.000
239.000 7.000 10.264 3.000 1.000 1.000 1.000
4.000 7.000 10.359 4.000 1.000 1.000 1.000
311.000 35.000 10.469 3.000 1.000 1.000 1.000
4.000 10.000 10.365 4.000 1.000 1.000 1.000
289.000 66.000 10.475 3.000 1.000 1.000 1.000
4.000 6.000 10.370 4.000 1.000 1.000 1.000
312.000 35.000 10.481 3.000 1.000 1.000 1.000
3.000 10.000 10.376 4.000 1.000 1.000 1.000
2.000 12.000 10.382 4.000 1.000 1.000 1.000
1.000 14.000 10.388 4.000 1.000 1.000 1.000
1.000 16.000 10.394 4.000 1.000 1.000 1.000
178.000 74.000 12.205 2.000 1.000 1.000 1.000
266.000 70.000 12.331 2.000 1.000 1.000 1.000
266.000 70.000 12.337 2.000 1.000 1.000 1.000
173.000 73.000 12.519 2.000 1.000 1.000 1.000
179.000 73.000 12.525 2.000 1.000 1.000 1.000
181.000 67.000 12.531 2.000 1.000 1.000 1.000
374.000 90.000 12.648 1.000 1.000 1.000 1.000
374.000 90.000 12.654 1.000 1.000 1.000 1.000
337.000 92.000 12.660 1.000 1.000 1.000 1.000
222.000 50.000 12.695 2.000 1.000 1.000 1.000
215.000 73.000 12.701 2.000 1.000 1.000 1.000
219.000 79.000 12.706 2.000 1.000 1.000 1.000
214.000 73.000 12.712 2.000 1.000 1.000 1.000
207.000 51.000 12.761 2.000 1.000 1.000 1.000
177.000 74.000 12.767 2.000 1.000 1.000 1.000
268.000 214748364.000 17.005 3.000 1.000 1.000 1.000
59.000 2.000 17.140 4.000 1.000 1.000 1.000
62.000 2.000 17.146 4.000 1.000 1.000 1.000
55.000 -214748364.000 17.151 4.000 1.000 1.000 1.000
87.000 7.000 20.498 4.000 1.000 1.000 1.000
86.000 7.000 20.504 4.000 1.000 1.000 1.000
85.000 7.000 20.510 4.000 1.000 1.000 1.000
85.000 8.000 20.516 4.000 1.000 1.000 1.000
85.000 7.000 20.521 4.000 1.000 1.000 1.000
84.000 8.000 20.527 4.000 1.000 1.000 1.000
83.000 8.000 20.533 4.000 1.000 1.000 1.000
106.000 6.000 20.539 4.000 1.000 1.000 1.000
105.000 6.000 20.545 4.000 1.000 1.000 1.000
105.000 6.000 20.551 4.000 1.000 1.000 1.000
104.000 6.000 20.556 4.000 1.000 1.000 1.000
104.000 6.000 20.562 4.000 1.000 1.000 1.000
102.000 7.000 20.568 4.000 1.000 1.000 1.000
81.000 9.000 20.574 4.000 1.000 1.000 1.000
103.000 7.000 20.580 4.000 1.000 1.000 1.000
102.000 6.000 20.586 4.000 1.000 1.000 1.000
102.000 6.000 20.591 4.000 1.000 1.000 1.000
101.000 6.000 20.597 4.000 1.000 1.000 1.000
100.000 6.000 20.603 4.000 1.000 1.000 1.000
100.000 6.000 20.609 4.000 1.000 1.000 1.000
98.000 7.000 20.615 4.000 1.000 1.000 1.000
98.000 6.000 20.621 4.000 1.000 1.000 1.000
98.000 7.000 20.626 4.000 1.000 1.000 1.000
98.000 6.000 20.632 4.000 1.000 1.000 1.000
97.000 6.000 20.638 4.000 1.000 1.000 1.000
283.000 7.000 20.652 3.000 1.000 1.000 1.000
282.000 7.000 20.658 3.000 1.000 1.000 1.000
91.000 6.000 20.719 4.000 1.000 1.000 1.000
91.000 6.000 20.725 4.000 1.000 1.000 1.000
91.000 6.000 20.730 4.000 1.000 1.000 1.000
91.000 6.000 20.736 4.000 1.000 1.000 1.000
91.000 6.000 20.742 4.000 1.000 1.000 1.000
90.000 6.000 20.748 4.000 1.000 1.000 1.000
90.000 6.000 20.754 4.000 1.000 1.000 1.000
89.000 5.000 20.759 4.000 1.000 1.000 1.000
89.000 6.000 20.765 4.000 1.000 1.000 1.000
88.000 6.000 20.771 4.000 1.000 1.000 1.000
86.000 7.000 20.777 4.000 1.000 1.000 1.000
87.000 7.000 20.783 4.000 1.000 1.000 1.000
86.000 7.000 20.789 4.000 1.000 1.000 1.000
85.000 7.000 20.794 4.000 1.000 1.000 1.000
85.000 7.000 20.800 4.000 1.000 1.000 1.000
83.000 8.000 20.806 4.000 1.000 1.000 1.000
84.000 8.000 20.812 4.000 1.000 1.000 1.000
83.000 7.000 20.818 4.000 1.000 1.000 1.000
82.000 8.000 20.824 4.000 1.000 1.000 1.000
80.000 7.000 20.829 4.000 1.000 1.000 1.000
79.000 8.000 20.835 4.000 1.000 1.000 1.000
80.000 7.000 20.841 4.000 1.000 1.000 1.000
75.000 7.000 20.847 4.000 1.000 1.000 1.000
74.000 7.000 20.853 4.000 1.000 1.000 1.000
76.000 6.000 20.859 4.000 1.000 1.000 1.000
73.000 7.000 20.864 4.000 1.000 1.000 1.000
72.000 6.000 20.870 4.000 1.000 1.000 1.000
38.000 59.000 20.876 4.000 1.000 1.000 1.000
301.000 41.000 20.877 3.000 1.000 1.000 1.000
301.000 63.000 20.938 3.000 1.000 1.000 1.000
301.000 63.000 20.944 3.000 1.000 1.000 1.000
312.000 34.000 20.949 3.000 1.000 1.000 1.000
300.000 64.000 21.015 3.000 1.000 1.000 1.000
299.000 64.000 21.021 3.000 1.000 1.000 1.000
299.000 65.000 21.027 3.000 1.000 1.000 1.000
