-81.640 512.392 298.868 7.476 18166.884 -88.578 1.000
10.671 511.942 293.765 7.481 18166.884 -88.578 1.000
103.210 511.491 288.649 7.486 18166.884 -88.578 1.000
195.598 511.040 283.542 7.491 18166.884 -88.578 1.000
287.977 510.590 278.435 7.496 18166.884 -88.578 1.000
380.391 510.139 273.326 7.501 18166.884 -88.578 1.000
318.024 493.075 277.967 7.506 9145.801 -953.357 1.000
335.710 495.591 275.648 7.512 7012.855 -478.075 1.000
365.986 494.443 272.359 7.517 6574.551 -386.667 1.000
396.310 494.260 270.591 7.522 6271.799 -272.267 1.000
431.194 492.643 265.803 7.527 6415.181 -247.839 1.000
465.373 493.547 256.060 7.532 6436.840 -146.944 1.000
496.679 491.631 249.817 7.537 6334.917 -185.080 1.000
524.248 489.977 243.889 7.542 5933.755 -249.261 1.000
554.342 489.653 238.043 7.548 5830.853 -192.968 1.000
591.184 488.576 230.032 7.553 6211.444 -225.596 1.000
625.454 487.745 220.731 7.558 6384.689 -179.167 1.000
657.590 485.911 214.689 7.563 6471.204 -225.430 1.000
670.808 483.733 213.283 7.568 5120.117 -296.626 1.000
702.780 483.469 206.995 7.573 5193.118 -184.197 1.000
737.092 482.099 200.464 7.578 5572.619 -182.397 1.000
772.814 481.159 192.748 7.584 6070.572 -131.336 1.000
808.247 480.204 182.943 7.589 6501.921 -83.583 1.000
849.408 475.073 170.594 7.594 7149.555 -419.017 1.000
880.856 471.607 164.558 7.599 6769.275 -522.477 1.000
898.546 473.681 157.014 7.604 5668.990 -294.340 1.000
926.607 471.595 148.826 7.609 5567.954 -328.609 1.000
958.493 469.188 137.234 7.615 5723.952 -412.127 1.000
988.174 467.488 128.536 7.620 5726.523 -389.012 1.000
1018.297 465.878 117.800 7.625 5763.349 -351.312 1.000
1048.029 464.659 110.076 7.630 5754.088 -308.405 1.000
1076.512 463.250 97.756 7.635 5637.400 -259.809 1.000
1101.741 462.058 88.181 7.640 5350.593 -258.686 1.000
1129.520 460.187 77.650 7.646 5285.838 -294.582 1.000
1155.790 459.061 67.906 7.651 5157.829 -273.417 1.000
1185.060 456.949 57.045 7.656 5260.236 -295.589 1.000
1218.080 453.089 41.887 7.661 5617.876 -443.035 1.000
1245.972 451.078 30.508 7.666 5566.610 -428.686 1.000
1273.818 449.019 19.408 7.671 5489.815 -447.278 1.000
1296.427 448.081 15.427 7.676 5126.836 -359.041 1.000
1312.201 443.488 37.274 7.682 4400.556 -491.185 1.000
1330.226 438.623 55.325 7.687 4048.862 -639.046 1.000
1342.636 433.269 77.616 7.692 3456.937 -798.927 1.000
1354.778 427.522 101.851 7.697 2972.144 -916.084 1.000
1368.861 423.633 118.118 7.702 2850.851 -874.597 1.000
1386.455 420.284 129.668 7.707 2984.469 -792.975 1.000
1402.312 417.511 147.576 7.712 2972.764 -697.431 1.000
1419.340 414.051 163.564 7.718 3041.143 -665.072 1.000
1436.464 408.353 177.983 7.723 3131.275 -787.445 1.000
1452.237 404.170 191.925 7.728 3138.444 -829.967 1.000
1469.751 400.316 202.245 7.733 3187.467 -797.045 1.000
1481.176 396.534 219.444 7.738 2807.737 -768.527 1.000
1499.627 391.366 230.965 7.744 3083.414 -836.856 1.000
1513.337 387.014 246.152 7.749 2934.888 -850.827 1.000
1528.635 382.744 258.907 7.754 2912.716 -845.295 1.000
1543.211 378.915 271.593 7.759 2795.432 -828.211 1.000
1560.832 375.568 278.802 7.764 2971.958 -751.531 1.000
1576.893 371.525 291.165 7.769 3009.740 -756.014 1.000
1592.285 366.909 302.187 7.775 3012.727 -791.825 1.000
1606.820 361.667 315.902 7.780 2873.511 -873.720 1.000
1621.346 357.757 326.868 7.785 2823.939 -849.645 1.000
1638.366 354.394 334.097 7.790 2941.238 -781.683 1.000
1652.866 350.980 345.084 7.795 2845.545 -721.042 1.000
1667.711 346.522 354.985 7.800 2810.842 -759.329 1.000
1683.877 341.458 364.696 7.805 2878.539 -834.410 1.000
1698.734 338.949 370.646 7.811 2884.167 -737.997 1.000
1713.822 336.477 375.517 7.816 2874.314 -640.698 1.000
