653.264 594.900 143.539 9.924 2.000 244.819 -1729.316
674.911 596.070 135.084 9.929 2.000 237.145 -1756.692
696.226 597.187 126.133 9.934 2.000 251.428 -1830.944
717.937 598.183 116.912 9.939 2.000 287.943 -1880.404
739.295 599.430 107.415 9.944 2.000 273.760 -1967.579
760.527 600.927 97.770 9.949 2.000 245.305 -1999.370
782.137 602.502 87.134 9.954 2.000 245.031 -2046.890
803.610 603.916 76.862 9.959 2.000 263.653 -2091.434
824.893 605.299 66.899 9.964 2.000 258.808 -2057.446
845.981 606.228 58.643 9.969 2.000 267.486 -1809.141
865.886 606.995 52.817 9.974 2.000 237.545 -1231.131
885.586 607.882 48.659 9.979 2.000 213.254 -465.017
904.919 608.488 45.972 9.984 2.000 184.773 394.753
924.037 609.342 45.491 9.989 2.000 150.356 1128.195
941.947 610.856 50.126 9.994 2.000 41.912 1334.067
959.214 611.361 54.913 9.999 2.000 64.256 1856.869
976.064 611.250 62.817 10.004 2.000 103.402 2077.930
992.439 611.787 72.775 10.009 2.000 114.408 2039.847
1008.025 612.320 83.330 10.014 2.000 107.072 1984.851
1024.194 612.980 93.157 10.020 2.000 86.923 1901.566
1040.415 613.595 102.668 10.025 2.000 117.852 1826.744
1057.126 614.227 112.240 10.030 2.000 100.265 1808.849
1073.115 614.501 121.066 10.035 2.000 82.928 1757.569
1088.701 614.960 129.822 10.040 2.000 77.103 1741.253
1104.625 615.141 138.558 10.045 2.000 85.225 1652.662
1119.972 615.880 146.636 10.050 2.000 78.786 1591.944
1135.441 616.196 154.790 10.055 2.000 64.712 1497.265
1151.639 616.754 162.366 10.060 2.000 79.089 1487.488
1167.633 617.300 170.013 10.065 2.000 97.605 1480.845
1182.690 617.502 177.357 10.070 2.000 110.315 1391.482
1198.434 618.075 184.144 10.075 2.000 125.711 1333.943
1213.831 618.590 190.749 10.080 2.000 131.060 1259.891
1229.601 619.369 196.982 10.085 2.000 143.147 1212.790
1244.837 619.998 203.134 10.090 2.000 115.129 1137.230
1260.535 620.462 209.071 10.095 2.000 123.905 1056.379
1276.500 621.160 215.024 10.100 2.000 68.420 971.736
1291.847 621.537 219.867 10.105 2.000 60.818 1035.083
1306.948 621.847 224.685 10.110 2.000 87.362 960.504
1322.370 622.362 229.290 10.115 2.000 83.097 823.015
1337.828 622.661 233.452 10.120 2.000 52.308 754.276
1352.793 623.164 237.662 10.125 2.000 58.023 698.584
1368.480 623.426 241.547 10.130 2.000 105.487 671.056
1384.012 623.861 245.295 10.135 2.000 111.053 637.632
1398.493 624.319 248.505 10.140 2.000 117.470 700.784
1412.976 625.063 251.706 10.145 2.000 114.905 737.228
1427.596 625.647 255.300 10.150 2.000 129.727 634.184
1442.393 626.133 258.241 10.155 2.000 128.307 602.923
1456.773 626.872 261.175 10.160 2.000 166.158 518.479
1471.401 627.953 263.864 10.165 2.000 161.251 390.372
1486.096 628.569 266.254 10.171 2.000 136.421 313.369
1500.128 629.074 267.931 10.176 2.000 149.479 386.165
1514.509 630.006 269.590 10.181 2.000 147.488 311.884
1529.122 630.827 270.980 10.186 2.000 147.564 161.063
1543.348 631.324 272.314 10.191 2.000 163.059 135.296
1557.993 632.223 272.826 10.196 2.000 153.975 83.566
1572.548 633.191 273.276 10.201 2.000 138.452 25.861
1587.171 633.556 273.574 10.206 2.000 121.649 -24.560
1601.492 634.030 274.104 10.211 2.000 143.094 -70.482
1615.260 634.716 273.491 10.216 2.000 97.450 18.794
1629.058 635.248 273.715 10.221 2.000 84.375 -98.512
1643.034 635.730 272.841 10.226 2.000 75.248 -189.428
1656.931 636.450 272.261 10.231 2.000 104.649 -231.564
1671.162 636.929 270.925 10.236 2.000 98.345 -250.416
1685.489 637.299 269.762 10.241 2.000 106.070 -330.294
1699.431 637.652 268.345 10.246 2.000 128.322 -417.551
1713.126 638.217 266.146 10.251 2.000 104.601 -341.510
1726.194 638.834 264.271 10.256 2.000 110.317 -411.215
1740.302 639.366 262.300 10.261 2.000 122.822 -481.438
1754.736 640.188 259.783 10.266 2.000 120.381 -557.175
1768.582 640.784 257.347 10.271 2.000 86.988 -600.337
1782.390 641.116 254.097 10.276 2.000 122.774 -645.340
1796.824 641.753 250.768 10.281 2.000 135.326 -708.419
1810.131 642.366 246.989 10.286 2.000 117.763 -694.097
1823.067 643.028 243.520 10.291 2.000 146.214 -773.220
1836.169 643.805 239.940 10.296 2.000 144.379 -850.500
1850.114 644.146 235.599 10.301 2.000 96.224 -875.125
1863.278 644.901 231.177 10.306 2.000 118.812 -897.988
1875.661 645.281 226.882 10.311 2.000 116.227 -940.604
1888.249 646.057 221.929 10.316 2.000 88.106 -951.572
1901.077 646.408 216.815 10.321 2.000 59.916 -1007.299
1913.404 646.729 211.644 10.326 2.000 79.976 -1079.877
1926.184 647.077 206.273 10.332 2.000 52.198 -1135.307
1939.558 647.716 200.218 10.337 2.000 92.707 -1191.531
1952.980 647.884 194.345 10.342 2.000 83.832 -1250.702
1965.975 648.344 188.064 10.347 2.000 -9.132 -1353.806
1979.981 648.455 181.456 10.352 2.000 10.959 -1310.183
2128.857 653.597 89.676 10.409 2.000 263.995 -1680.494
2140.722 654.918 81.271 10.414 2.000 263.995 -1680.494
2152.424 656.429 72.548 10.419 2.000 299.030 -1710.347
2163.106 657.914 63.876 10.424 2.000 297.624 -1708.119
2174.075 660.219 55.253 10.429 2.000 232.557 -1691.110
2183.915 661.411 46.652 10.434 2.000 294.747 -1567.611
2192.563 662.850 38.329 10.439 2.000 366.860 -1816.822
2201.629 664.463 31.044 10.444 2.000 403.505 -1733.880
2210.188 666.402 21.862 10.449 2.000 441.286 -1595.922
2215.499 667.806 13.691 10.454 2.000 365.520 -1604.988
2221.277 669.776 5.563 10.459 2.000 346.463 -1731.768
