2.005 0.502 0.119 0.120 13.671 -0.067 -1.787
2.001 0.502 0.127 0.113 13.872 -0.068 -1.744
2.002 0.502 0.133 0.106 14.064 -0.069 -1.704
2.003 0.502 0.139 0.100 14.261 -0.070 -1.664
1.526 0.421 0.049 0.158 6.934 -0.440 -2.043
1.399 0.433 0.049 0.170 5.719 -0.341 -2.023
1.371 0.440 0.049 0.162 5.658 -0.309 -2.025
1.197 0.465 0.048 0.128 5.773 -0.213 -2.170
1.195 0.473 0.048 0.121 5.847 -0.159 -2.189
1.198 0.475 0.049 0.116 5.870 -0.146 -2.196
1.213 0.474 0.048 0.117 5.665 -0.142 -2.146
1.124 0.470 0.048 0.101 5.504 -0.185 -2.256
1.164 0.461 0.049 0.099 5.657 -0.257 -2.212
1.230 0.469 0.048 0.101 5.810 -0.177 -2.140
1.241 0.466 0.048 0.097 5.893 -0.205 -2.144
1.182 0.456 0.049 0.098 5.063 -0.267 -2.073
1.212 0.451 0.048 0.094 5.202 -0.317 -2.048
1.239 0.460 0.048 0.089 5.431 -0.233 -2.038
1.252 0.465 0.048 0.078 5.975 -0.189 -2.127
1.276 0.469 0.048 0.073 6.264 -0.133 -2.126
1.208 0.457 0.048 0.050 7.080 -0.376 -2.564
1.236 0.453 0.048 0.056 6.256 -0.377 -2.227
1.196 0.460 0.048 0.050 5.732 -0.280 -2.253
1.218 0.458 0.048 0.049 5.693 -0.286 -2.129
1.191 0.454 0.049 0.041 5.539 -0.373 -2.207
1.195 0.450 0.049 0.037 5.578 -0.442 -2.205
1.203 0.454 0.049 0.032 5.658 -0.365 -2.187
1.240 0.454 0.048 0.032 5.705 -0.321 -1.963
1.217 0.459 0.048 0.023 5.722 -0.211 -2.121
1.199 0.459 0.049 0.016 5.539 -0.233 -2.208
1.193 0.457 0.048 0.011 5.417 -0.306 -2.270
1.201 0.456 0.049 0.007 5.343 -0.321 -2.079
1.203 0.455 0.048 0.001 5.572 -0.381 -2.108
1.229 0.453 0.038 0.000 5.797 -0.399 -2.231
1.256 0.450 0.024 0.000 5.685 -0.441 -2.409
1.283 0.449 0.014 0.000 5.515 -0.431 -2.224
1.310 0.445 0.014 0.000 5.273 -0.476 -1.589
2.000 0.345 0.073 0.169 3.825 -0.537 -0.671
2.001 0.307 0.256 0.186 3.395 -0.657 0.082
2.001 0.253 0.491 0.210 2.930 -0.799 0.801
2.001 0.250 0.508 0.215 2.800 -0.773 0.737
2.000 0.250 0.526 0.218 2.690 -0.746 0.702
2.001 0.268 0.458 0.197 2.904 -0.725 0.614
2.000 0.288 0.467 0.179 3.090 -0.670 0.812
2.001 0.291 0.490 0.172 3.131 -0.661 0.950
2.001 0.270 0.560 0.190 2.779 -0.685 0.964
2.001 0.267 0.502 0.177 2.897 -0.724 0.787
2.000 0.263 0.490 0.180 2.764 -0.713 0.606
2.000 0.264 0.529 0.174 2.770 -0.708 0.812
2.001 0.260 0.478 0.159 2.949 -0.776 0.684
2.001 0.255 0.493 0.158 2.877 -0.783 0.709
2.000 0.256 0.489 0.153 2.871 -0.775 0.683
2.001 0.260 0.515 0.155 2.738 -0.718 0.721
2.001 0.270 0.481 0.139 2.937 -0.704 0.673
2.000 0.270 0.477 0.132 2.987 -0.720 0.677
2.001 0.257 0.490 0.127 2.990 -0.804 0.762
2.001 0.250 0.520 0.131 2.782 -0.793 0.817
2.001 0.261 0.485 0.122 2.875 -0.744 0.635
2.001 0.266 0.482 0.116 2.888 -0.706 0.614
2.001 0.259 0.508 0.114 2.817 -0.743 0.774
2.000 0.253 0.508 0.106 2.870 -0.808 0.822
2.000 0.264 0.483 0.102 2.840 -0.709 0.589
