-68.097 512.326 298.120 11.212 18166.804 -88.578 -1004.295
24.959 511.872 292.975 11.217 18166.804 -88.578 -1004.295
117.410 511.421 287.864 11.223 18166.804 -88.578 -1004.295
209.650 510.972 282.765 11.228 18166.804 -88.578 -1004.295
302.373 510.519 277.639 11.233 18166.804 -88.578 -1004.295
395.204 510.067 272.507 11.238 18166.804 -88.578 -1004.295
323.419 494.699 277.395 11.244 8378.186 -721.131 -412.297
347.033 494.481 276.324 11.249 6842.977 -511.855 -271.475
376.902 493.727 273.536 11.254 6477.761 -388.710 -252.743
410.914 493.247 265.823 11.260 6418.692 -281.419 -709.001
444.875 493.292 259.915 11.265 6537.292 -195.825 -825.540
478.588 493.020 249.188 11.270 6567.188 -163.134 -1252.775
512.448 491.063 248.740 11.276 6240.983 -193.378 -866.098
541.104 490.202 239.145 11.281 5949.685 -179.674 -1158.763
573.246 489.438 234.758 11.286 5983.453 -212.708 -963.900
607.735 488.289 228.764 11.291 6216.804 -186.929 -1002.829
642.496 486.437 217.853 11.297 6471.166 -225.430 -1356.424
669.866 480.719 214.719 11.303 5761.554 -472.013 -1028.989
696.204 483.455 208.827 11.308 5280.452 -251.699 -971.091
729.735 482.340 201.860 11.313 5572.616 -182.397 -1056.990
764.797 481.333 194.251 11.318 6070.570 -131.336 -1138.085
799.949 480.310 184.669 11.323 6501.923 -83.583 -1352.752
845.782 475.978 166.522 11.329 7500.544 -398.021 -2211.505
877.566 471.861 165.331 11.334 6769.280 -522.477 -1588.839
896.885 473.804 156.418 11.340 5747.508 -297.889 -1538.616
924.734 471.705 149.285 11.345 5567.954 -328.609 -1365.156
956.863 469.306 137.703 11.350 5723.951 -412.127 -1647.107
987.250 467.274 127.149 11.355 5764.574 -410.022 -1729.070
1020.237 465.828 118.377 11.361 5711.774 -336.821 -1594.893
1051.716 464.462 109.063 11.367 5754.088 -308.405 -1580.899
1080.196 463.081 96.558 11.372 5637.401 -259.809 -1833.805
1105.537 461.875 86.878 11.377 5350.593 -258.686 -1836.635
1133.763 459.773 75.719 11.382 5250.457 -311.472 -1884.428
1162.767 458.580 64.563 11.388 5187.272 -281.810 -1877.924
1197.051 455.633 51.356 11.393 5522.737 -376.370 -2011.101
1226.510 452.424 38.645 11.399 5617.876 -443.035 -2160.754
1254.055 450.254 28.253 11.404 5437.647 -441.905 -2069.213
1282.915 448.278 15.867 11.409 5489.815 -447.278 -2136.947
1305.172 445.740 23.303 11.415 4943.720 -442.840 -1054.908
1321.473 442.606 41.641 11.420 4199.194 -446.314 623.426
1333.799 435.311 71.056 11.425 3456.937 -798.927 2566.066
1347.339 429.737 94.011 11.431 3049.705 -909.425 3416.600
1363.278 425.777 108.329 11.436 3021.034 -867.109 3262.807
1380.359 420.278 127.648 11.441 2943.778 -908.641 3396.389
1397.977 418.435 140.863 11.447 3045.817 -733.276 3083.959
1415.640 414.902 157.164 11.452 3150.720 -684.918 3068.064
1431.615 409.836 175.056 11.457 3073.730 -763.310 3311.437
1446.122 405.494 191.062 11.462 2963.309 -792.611 3319.920
1464.558 400.961 202.477 11.468 3054.349 -802.548 2855.740
1478.855 397.169 217.076 11.474 2807.737 -768.527 2865.145
1494.798 393.280 231.477 11.479 2848.618 -740.053 2867.016
1512.526 387.667 242.266 11.484 3029.944 -849.611 2607.328
1528.148 383.184 255.715 11.489 2985.461 -847.367 2588.080
1544.902 378.551 271.090 11.495 2843.302 -834.400 2677.146
1564.167 374.725 281.384 11.501 2971.959 -751.530 2301.664
1581.529 370.361 294.782 11.507 3009.738 -756.013 2348.434
1595.040 365.744 307.320 11.512 2844.056 -797.442 2472.004
1612.269 360.797 317.063 11.517 2979.984 -842.718 2250.491
1629.674 355.945 328.955 11.523 3005.194 -860.337 2217.629
1644.036 352.655 340.404 11.528 2824.364 -776.792 2266.895
1660.245 348.333 349.925 11.534 2867.675 -760.717 2071.086
1677.748 343.575 358.204 11.539 3025.450 -825.603 1946.160
1693.447 338.816 368.413 11.544 3022.702 -861.766 1970.823
1706.567 336.582 378.176 11.550 2741.980 -740.740 1993.286
