4383.854 -506.647 2703.201 20.199 1.000 -249861.918 28490.300
-5197.999 3710.324 -6170.678 20.204 1.000 -783330.630 249370.618
11939.735 1199.196 -751.783 20.209 1.000 -366287.642 91569.403
-24216.157 -384.473 474.030 20.214 1.000 -426856.225 -248123.149
603.167 575.421 381.615 20.219 2.000 388.259 -663.104
625.074 577.399 377.764 20.224 2.000 363.026 -743.054
646.566 579.158 373.950 20.229 2.000 339.261 -942.968
666.533 581.854 370.987 20.234 2.000 399.045 -602.613
686.323 583.611 367.209 20.239 2.000 357.555 -849.483
707.928 584.712 362.587 20.244 2.000 304.509 -833.428
