750.549 586.824 353.431 20.254 2.000 219.340 -791.098
771.791 588.828 348.544 20.259 2.000 171.061 -838.852
780.868 577.888 329.402 20.264 1.000 -78.654 -1217.360
801.490 577.230 322.777 20.269 1.000 135.413 -1183.340
821.438 576.773 316.774 20.274 1.000 333.360 -1211.804
845.636 577.527 308.759 20.279 1.000 327.894 -1267.678
867.899 579.209 302.530 20.284 1.000 369.425 -1387.147
891.915 582.486 295.828 20.290 1.000 249.007 -1413.202
911.718 581.776 287.676 20.295 1.000 235.469 -1303.674
933.970 584.662 281.587 20.300 1.000 354.195 -1251.439
955.581 586.000 274.244 20.305 1.000 366.761 -1302.772
977.019 587.584 266.690 20.310 1.000 371.044 -1327.325
997.589 589.147 259.664 20.315 1.000 356.820 -1591.525
1018.979 590.820 251.738 20.320 1.000 358.602 -1600.934
1041.330 592.873 243.752 20.325 1.000 313.244 -1645.467
1063.148 594.595 236.043 20.330 1.000 89.551 -1704.192
1084.117 595.836 227.040 20.335 1.000 361.696 -1502.365
1105.210 597.119 218.119 20.340 1.000 394.382 -1574.483
1126.261 598.811 209.295 20.345 1.000 389.136 -1634.173
1146.354 600.476 201.051 20.350 1.000 330.328 -1877.654
1167.614 602.099 191.531 20.355 1.000 336.253 -1966.631
1188.797 603.594 182.038 20.360 1.000 326.257 -2002.142
1210.169 605.626 172.266 20.365 1.000 144.141 -1996.156
1230.701 607.069 161.798 20.370 1.000 409.519 -1848.918
1251.104 608.452 151.615 20.375 1.000 392.167 -1880.738
1272.006 609.880 141.087 20.380 1.000 360.556 -1903.166
1290.849 611.461 131.812 20.385 1.000 325.984 -2078.324
1312.060 612.789 120.688 20.390 1.000 270.923 -2175.172
1332.490 614.198 109.653 20.395 1.000 267.477 -2222.735
1354.185 616.447 98.462 20.400 1.000 192.861 -2243.743
1373.494 617.609 87.790 20.405 1.000 125.472 -2214.817
1393.161 618.218 77.010 20.410 1.000 331.341 -2009.937
1412.888 619.344 69.366 20.416 1.000 318.821 -1520.387
1431.832 620.329 63.057 20.421 1.000 214.075 -837.188
1449.672 621.942 59.711 20.426 1.000 231.051 -462.332
1467.410 623.142 58.689 20.431 1.000 98.901 130.495
1483.213 623.944 59.895 20.436 1.000 26.391 931.685
1497.496 623.628 62.695 20.441 1.000 -132.459 1542.619
1511.731 622.490 68.205 20.446 1.000 -128.436 1889.676
1523.818 621.405 76.922 20.451 1.000 -196.874 2099.873
1534.707 620.133 87.465 20.456 1.000 -245.892 2094.664
1544.523 618.788 98.502 20.461 1.000 -418.554 2065.503
1548.410 614.439 110.718 20.466 3.000 -105.820 1923.607
1560.980 614.335 120.325 20.471 3.000 -103.719 1860.987
1572.515 613.858 129.428 20.476 3.000 -80.281 1823.602
1585.019 613.178 138.832 20.481 3.000 124.484 1766.415
1597.227 612.693 147.388 20.486 3.000 111.774 1697.336
1608.935 612.212 156.198 20.491 3.000 90.916 1615.448
1621.060 612.058 164.351 20.496 3.000 40.092 1536.370
1632.893 612.232 172.178 20.501 3.000 -142.486 1508.157
1644.330 611.930 179.472 20.506 3.000 -150.302 1424.292
1655.468 611.021 186.616 20.511 3.000 18.033 1376.548
1663.920 609.290 191.865 20.516 3.000 -63.439 1145.108
1671.920 607.302 196.688 20.521 3.000 -201.401 939.530
1680.710 606.009 201.794 20.526 3.000 -259.424 803.006
1688.046 604.067 206.035 20.531 3.000 -335.156 613.366
1694.558 602.385 209.113 20.536 3.000 -335.156 613.366
