473.758 617.961 372.130 15.647 2.000 800.457 -300.203
496.585 622.210 370.786 15.652 2.000 787.177 -494.484
518.803 626.284 368.730 15.657 2.000 770.984 -521.420
540.607 630.131 366.517 15.662 2.000 791.784 -550.446
562.947 633.590 364.329 15.667 2.000 763.874 -570.046
585.100 637.476 361.239 15.672 2.000 730.296 -367.590
606.614 641.231 358.374 15.677 2.000 717.250 -359.367
628.859 645.082 354.961 15.682 2.000 700.536 -435.536
651.240 648.614 352.269 15.687 2.000 678.653 -606.878
673.518 652.476 349.323 15.692 2.000 694.497 -681.248
694.888 655.904 345.961 15.697 2.000 728.702 -827.258
717.481 659.359 342.119 15.702 2.000 727.189 -914.507
739.793 662.562 338.100 15.707 2.000 736.405 -982.988
761.286 666.392 332.792 15.712 2.000 734.304 -823.813
782.413 669.973 327.845 15.717 2.000 678.513 -857.124
804.432 673.642 322.183 15.722 2.000 659.174 -889.878
826.071 677.083 317.601 15.727 2.000 651.245 -1081.103
848.217 680.427 312.355 15.732 2.000 621.393 -1151.192
869.649 683.518 306.392 15.737 2.000 642.502 -1180.621
891.353 686.628 300.515 15.742 2.000 649.274 -1300.008
913.149 690.112 293.764 15.747 2.000 670.373 -1155.309
934.303 693.282 287.342 15.752 2.000 694.056 -1228.340
956.987 696.628 280.149 15.758 2.000 724.656 -1311.292
969.943 689.008 260.089 15.763 1.000 398.748 -1764.947
990.565 690.535 250.591 15.768 1.000 552.776 -1700.640
1011.187 692.017 241.546 15.773 1.000 725.907 -1564.319
1032.996 695.342 234.009 15.778 1.000 748.213 -1634.739
1054.874 699.477 226.108 15.783 1.000 497.727 -1665.999
1075.479 702.770 217.386 15.788 1.000 826.783 -1437.303
1097.094 706.596 208.852 15.793 1.000 818.579 -1487.869
1117.886 710.265 200.705 15.798 1.000 715.637 -1703.557
1138.918 713.705 191.832 15.803 1.000 730.072 -1745.700
1159.375 716.968 183.074 15.808 1.000 769.739 -1770.317
1179.670 720.565 174.659 15.813 1.000 751.882 -1847.957
1201.877 725.246 165.247 15.818 1.000 639.437 -1890.411
1222.561 728.093 154.946 15.823 1.000 824.737 -1732.133
1243.355 731.528 145.197 15.828 1.000 809.892 -1824.353
1260.777 733.902 137.178 15.833 1.000 520.682 -1870.100
1278.656 736.090 128.270 15.838 1.000 445.758 -1767.504
1297.216 738.756 118.598 15.843 1.000 324.276 -1818.731
1314.925 741.293 109.571 15.848 1.000 271.676 -1792.300
1332.186 743.450 100.363 15.853 1.000 234.725 -1850.574
1349.996 745.516 90.615 15.858 1.000 244.319 -1863.007
1365.863 746.543 81.034 15.863 1.000 490.524 -1818.613
1381.978 749.554 75.069 15.868 1.000 344.802 -1603.714
1403.397 751.166 64.225 15.873 3.000 798.370 -1102.488
1421.941 754.742 61.099 15.878 3.000 727.225 -401.303
1439.814 758.017 59.452 15.883 3.000 628.740 402.418
1457.169 761.184 59.626 15.888 3.000 528.491 1141.235
1473.911 764.172 62.042 15.893 3.000 415.866 1660.761
1490.743 766.951 68.778 15.898 3.000 501.562 1865.610
1503.393 768.009 77.590 15.903 3.000 532.989 1908.763
1515.287 770.339 87.225 15.908 3.000 285.348 1879.029
1527.714 771.809 96.878 15.913 3.000 289.466 1835.842
1539.551 773.320 105.935 15.918 3.000 286.873 1764.575
1551.313 774.835 114.755 15.923 3.000 307.341 1677.094
1563.524 776.520 123.096 15.928 3.000 329.107 1613.408
1576.004 777.719 131.116 15.933 3.000 574.920 1591.812
1587.988 778.925 139.219 15.939 3.000 595.091 1521.993
1600.314 781.560 146.980 15.944 3.000 344.707 1482.795
1612.729 783.308 154.652 15.949 3.000 351.399 1424.144
1624.812 785.126 161.822 15.954 3.000 379.695 1378.024
1636.790 786.978 168.336 15.959 3.000 369.133 1318.277
1648.267 788.502 174.624 15.964 3.000 263.685 1174.001
1659.748 789.512 180.510 15.969 3.000 514.389 1144.396
1668.539 790.033 184.877 15.974 3.000 428.392 881.337
1677.078 790.239 188.990 15.979 3.000 311.092 675.485
1684.636 791.808 192.397 15.984 3.000 311.092 675.485
1692.377 792.985 195.636 15.989 3.000 319.753 524.550
1698.090 793.275 197.696 15.994 3.000 259.662 360.383
353.960 558.602 398.056 20.164 2.000 374.553 235.816
376.928 560.299 398.642 20.169 2.000 338.674 77.118
400.230 562.258 399.611 20.174 2.000 298.632 -106.799
423.156 563.574 398.740 20.179 2.000 269.340 -155.157
446.509 564.813 398.756 20.184 2.000 265.117 -148.994
469.065 566.306 397.170 20.189 2.000 239.240 -215.898
