794.824 703.422 367.958 27.162 1.000 873.167 -897.836
821.104 708.656 362.838 27.168 1.000 861.626 -958.842
846.946 713.448 357.206 27.174 1.000 867.829 -975.952
872.318 718.538 351.383 27.180 1.000 872.886 -1033.893
897.824 723.745 345.422 27.185 1.000 859.975 -1052.608
924.704 729.164 339.097 27.191 1.000 881.198 -1120.432
950.510 734.180 332.542 27.197 1.000 859.529 -1163.973
976.570 739.365 325.351 27.203 1.000 818.695 -1233.477
1001.969 743.809 317.950 27.209 1.000 798.906 -1306.495
1026.760 748.216 310.370 27.215 1.000 760.512 -1361.596
1051.947 752.975 302.439 27.220 1.000 734.533 -1424.255
1078.193 757.833 294.327 27.226 1.000 763.362 -1513.242
1103.899 762.765 285.316 27.232 1.000 780.695 -1557.707
1130.127 767.782 276.294 27.238 1.000 835.895 -1587.203
1163.968 774.183 263.718 27.246 1.000 879.484 -1599.800
1185.894 778.216 255.698 27.252 1.000 793.817 -1447.167
1207.806 781.523 246.051 27.258 1.000 675.091 -1547.899
1229.171 784.585 236.027 27.264 1.000 468.687 -1700.663
883.082 580.618 378.063 32.395 2.000 273.797 -1306.148
-722.923 111.735 996.921 32.401 1.000 23501.202 -35273.321
-336.237 220.776 846.873 32.406 1.000 22797.917 -32686.434
38.479 338.881 734.247 32.412 1.000 19643.747 -33347.422
365.350 430.557 586.786 32.418 1.000 18323.573 -29627.570
562.794 489.011 481.742 32.424 1.000 16058.457 -23661.183
996.976 576.755 308.962 32.430 1.000 178.755 -1516.262
