596.913 665.856 398.989 28.964 4015.380 594.377 -750.689
621.304 670.408 395.058 28.970 4096.771 681.120 -737.919
645.647 675.220 391.495 28.976 4134.042 733.704 -689.396
669.928 680.360 388.066 28.982 4068.635 747.035 -747.752
717.146 690.279 380.721 28.993 4067.325 744.180 -705.721
741.205 695.685 376.862 28.999 3970.044 734.848 -749.905
764.646 700.936 372.633 29.005 3991.931 750.396 -768.833
788.899 706.343 368.385 29.011 3862.137 742.682 -883.169
812.055 711.327 363.604 29.017 3895.631 747.597 -947.873
835.253 716.367 358.208 29.023 3917.863 744.299 -1026.942
858.006 721.332 352.761 29.028 3895.615 768.223 -1112.273
880.981 726.898 346.804 29.034 3799.191 728.203 -1183.451
903.958 732.381 340.308 29.040 3788.876 757.407 -1231.449
926.718 737.596 333.836 29.046 3804.100 778.375 -1221.791
949.240 742.768 326.994 29.052 3783.361 804.156 -1266.257
971.769 747.768 319.971 29.058 3825.446 790.418 -1282.963
994.910 752.789 312.644 29.063 3825.585 744.419 -1346.057
1018.063 757.779 304.763 29.069 3896.317 713.395 -1429.833
1041.271 762.930 296.550 29.075 3924.515 649.961 -1485.075
1064.154 767.792 288.111 29.081 3891.299 644.668 -1556.734
1087.314 772.413 279.490 29.087 3917.708 658.507 -1625.709
1110.231 777.078 270.365 29.093 3866.821 678.860 -1644.741
1132.857 781.701 261.260 29.098 3845.822 697.116 -1674.909
1156.679 786.842 251.485 29.104 3868.318 762.763 -1724.518
1179.454 792.089 241.873 29.110 3836.237 768.474 -1736.693
1198.620 795.273 233.596 29.116 3517.820 591.525 -1597.128
1217.280 798.073 224.464 29.122 3230.906 427.865 -1535.575
1236.271 800.911 214.889 29.128 2972.400 222.621 -1648.508
1254.160 802.855 204.784 29.133 2841.546 96.728 -1764.560
