446.285 629.400 375.272 13.012 2.000 423.478 -468.859
466.236 631.292 373.071 13.017 2.000 451.514 -370.997
485.117 633.726 370.376 13.022 2.000 410.814 -453.768
504.360 635.724 368.247 13.027 2.000 442.859 -536.200
522.729 637.931 365.062 13.032 2.000 486.606 -562.131
542.463 640.304 362.449 13.037 2.000 493.972 -535.937
561.460 642.895 359.534 13.042 2.000 472.843 -721.095
551.052 635.573 335.003 13.047 1.000 -22.532 -691.593
572.913 637.176 331.589 13.052 1.000 -115.803 -372.784
595.868 638.665 329.114 13.057 1.000 250.550 -21.751
620.127 640.643 327.081 13.062 1.000 572.831 211.691
643.747 642.943 325.750 13.067 1.000 835.843 308.554
667.095 645.891 323.761 13.072 1.000 1056.968 301.470
688.690 647.825 322.409 13.077 1.000 1120.219 142.541
700.290 648.426 312.150 13.082 1.000 1098.941 -267.964
720.894 650.852 305.066 13.087 1.000 881.298 -533.123
740.785 651.031 299.636 13.092 1.000 803.604 -721.390
758.933 652.513 292.813 13.097 1.000 656.295 -829.413
777.057 653.275 285.659 13.102 1.000 675.219 -844.481
796.587 656.806 281.127 13.107 1.000 730.682 -913.465
815.338 659.107 274.371 13.112 1.000 605.297 -1071.407
833.273 661.931 268.894 13.117 1.000 323.887 -1551.823
850.727 661.984 260.799 13.122 1.000 544.428 -1457.965
870.885 664.706 253.680 13.128 1.000 311.030 -1536.762
889.518 667.127 246.347 13.133 1.000 354.186 -1583.724
908.271 669.783 238.417 13.138 1.000 356.930 -1627.592
927.351 671.829 229.619 13.143 1.000 678.627 -1456.013
946.169 674.555 221.200 13.148 1.000 650.527 -1505.817
963.937 676.936 213.301 13.153 1.000 568.536 -1762.905
982.128 679.319 204.899 13.158 1.000 580.100 -1809.143
1001.370 682.313 196.038 13.163 1.000 367.720 -1818.771
1016.582 683.638 189.017 13.168 1.000 175.794 -1611.748
1032.029 684.454 181.207 13.173 1.000 -25.185 -1730.216
1047.310 684.328 172.554 13.178 1.000 -25.185 -1730.216
1063.113 684.120 163.979 13.183 1.000 -132.627 -1800.615
1078.768 684.189 155.497 13.188 1.000 -212.607 -1878.736
-132.187 0.062 891.980 13.193 1.000 -24463.537 24046.716
-312.200 -110.650 1019.259 13.198 1.000 -24818.625 26954.021
-448.084 -257.134 1075.436 13.203 3.000 -32421.531 28558.308
1245.992 704.619 99.657 13.252 4.000 603.732 -807.900
1247.282 711.405 102.097 13.257 1.000 730.655 -924.354
1258.796 715.321 97.609 13.262 1.000 558.788 -1038.303
1270.251 718.681 92.597 13.267 1.000 385.642 -1154.680
1281.840 720.807 86.861 13.272 1.000 232.208 -1310.898
1293.501 722.507 80.455 13.278 1.000 218.949 -1283.803
1305.024 723.722 73.677 13.283 1.000 446.850 -1221.195
1316.187 725.117 67.284 13.288 1.000 425.868 -1265.110
1327.964 726.952 61.018 13.293 1.000 324.453 -1262.522
1339.461 728.259 55.626 13.298 1.000 313.241 -1099.702
1350.766 729.891 51.414 13.303 1.000 296.363 -804.171
1361.638 731.759 48.217 13.308 1.000 249.374 -609.080
1372.641 733.220 46.428 13.313 1.000 251.165 -141.778
1383.745 734.742 45.389 13.318 1.000 234.430 312.448
1396.181 735.996 46.514 13.323 1.000 403.522 677.638
1406.916 737.413 49.081 13.328 1.000 288.304 951.035
1416.721 738.341 53.366 13.333 1.000 187.811 1072.602
1425.861 738.472 58.795 13.338 1.000 112.399 1062.004
1434.262 739.316 64.198 13.343 1.000 6.513 1038.165
1443.800 738.664 69.181 13.348 1.000 -88.544 1032.049
1451.977 738.240 74.283 13.353 1.000 -121.659 1085.545
1460.840 738.415 79.311 13.358 1.000 4.687 1053.185
1470.375 738.606 83.987 13.363 1.000 21.630 1008.099
1474.428 735.500 89.528 13.368 3.000 309.802 816.800
1485.186 736.650 93.513 13.373 3.000 339.902 755.315
1495.438 737.335 97.453 13.378 3.000 331.133 718.672
1505.837 739.144 101.065 13.383 3.000 75.682 676.977
1516.368 740.565 104.354 13.388 3.000 75.668 630.486
1527.088 741.103 107.631 13.393 3.000 324.082 606.859
1537.836 742.194 110.676 13.398 3.000 326.372 584.290
1548.792 743.174 113.406 13.403 3.000 343.348 510.844
1559.386 744.114 115.930 13.408 3.000 319.196 463.098
1570.179 745.376 118.083 13.413 3.000 304.181 388.329
1580.503 746.899 120.048 13.418 3.000 71.502 363.338
1590.680 747.949 122.044 13.423 3.000 70.588 308.607
1601.900 748.052 123.322 13.428 3.000 198.188 266.261
1612.265 749.866 124.854 13.433 3.000 342.337 204.359
1623.054 750.952 126.020 13.438 3.000 350.268 177.866
1633.994 752.111 126.665 13.443 3.000 363.884 146.501
1644.629 753.145 127.355 13.449 3.000 370.039 71.279
1655.358 755.071 127.812 13.454 3.000 147.486 57.516
1666.593 756.654 127.881 13.459 3.000 125.021 9.768
1677.368 757.913 128.046 13.464 3.000 136.227 -56.028
1688.690 758.950 127.695 13.469 3.000 353.804 -78.713
1699.844 760.280 127.290 13.474 3.000 390.799 -139.726
1711.213 761.952 126.350 13.479 3.000 478.541 -252.619
1722.500 763.933 124.867 13.484 3.000 239.742 -284.859
1732.926 765.017 124.067 13.489 3.000 155.895 -272.063
1741.528 765.570 123.997 13.494 3.000 30.147 -186.482
1750.201 766.304 123.422 13.499 3.000 -25.462 -111.716
1758.385 766.829 122.670 13.504 3.000 167.548 -48.719
1765.832 766.666 122.543 13.509 3.000 -84.022 -56.998
1773.446 765.177 122.250 13.514 3.000 -331.668 -64.187
1781.144 763.033 121.816 13.519 3.000 -492.818 -64.115
1788.935 760.917 121.418 13.524 3.000 -582.881 -77.329
1796.632 758.927 120.967 13.529 3.000 -645.041 -119.596
1801.115 755.379 121.750 13.534 3.000 -798.923 -71.528
1802.879 751.161 123.824 13.539 3.000 -973.480 -17.738
