1044.798 580.571 290.245 32.441 1.000 226.797 -1666.823
1067.782 582.641 280.292 32.447 1.000 237.728 -1749.273
1090.211 584.585 270.267 32.453 1.000 262.989 -1792.438
1112.761 586.513 260.026 32.459 1.000 281.723 -1812.183
1134.928 588.632 249.477 32.465 1.000 289.304 -1796.750
1158.193 590.561 238.388 32.470 1.000 295.364 -1843.614
1181.875 592.838 227.055 32.476 1.000 260.790 -1884.135
1204.433 594.548 215.750 32.482 1.000 274.095 -1915.082
1226.827 596.605 204.355 32.488 1.000 250.092 -1964.837
1248.838 598.445 192.833 32.494 1.000 229.589 -2027.773
1271.662 600.165 180.608 32.500 1.000 249.091 -2125.423
1294.061 601.836 168.122 32.505 1.000 248.484 -2167.546
1316.418 603.696 155.301 32.511 1.000 231.017 -2199.060
1338.864 605.210 142.296 32.517 1.000 235.785 -2223.051
1360.947 606.927 129.146 32.523 1.000 257.442 -2257.276
1382.928 608.723 115.721 32.529 1.000 282.471 -2337.186
1404.850 610.625 101.636 32.535 1.000 286.041 -2384.656
1427.072 612.175 87.353 32.541 1.000 266.278 -2401.813
1448.528 613.832 75.809 32.546 1.000 242.142 -2109.267
1469.004 615.241 67.767 32.552 1.000 226.127 -1557.776
1488.542 616.644 62.707 32.558 1.000 215.773 -799.359
1507.469 618.233 60.410 32.564 1.000 172.851 62.395
1525.377 619.608 61.681 32.570 1.000 150.936 931.299
1540.360 618.751 65.782 32.575 1.000 -50.417 1560.555
1554.387 618.392 74.637 32.581 1.000 -167.338 1867.692
