616.805 688.273 408.487 8.286 2.000 748.778 -554.166
636.253 692.338 405.520 8.291 2.000 753.715 -718.404
655.541 696.353 402.020 8.296 2.000 760.680 -760.722
673.545 700.235 397.895 8.301 2.000 783.863 -769.550
691.643 703.692 394.027 8.306 2.000 783.506 -856.378
-1549.110 149.701 1171.200 8.311 1.000 10069.687 -2512.913
-1484.164 104.215 1220.240 8.316 1.000 2208.564 -4437.765
-1428.103 66.008 1263.252 8.322 1.000 3447.167 -4450.022
-1442.274 69.989 1251.342 8.327 1.000 2787.081 5566.725
171.406 519.509 595.140 8.332 1.000 25410.138 -31840.783
277.849 568.694 511.847 8.337 1.000 20395.832 -24692.999
425.997 558.038 508.079 8.342 1.000 20023.987 -22792.651
827.876 714.218 333.486 8.347 1.000 933.056 -930.946
848.102 717.598 327.872 8.352 1.000 952.052 -1013.758
866.785 721.840 322.202 8.357 1.000 647.283 -1128.007
884.286 726.295 316.773 8.362 1.000 607.458 -1277.549
903.749 729.682 309.576 8.367 1.000 585.064 -1394.405
921.940 733.252 303.267 8.372 1.000 606.236 -1492.294
940.426 736.952 296.744 8.377 1.000 604.961 -1565.630
958.261 739.608 288.643 8.382 1.000 989.405 -1308.930
976.235 743.399 281.309 8.387 1.000 984.162 -1379.788
995.158 748.039 273.871 8.392 1.000 698.883 -1513.614
1013.555 751.713 265.734 8.397 1.000 650.900 -1547.546
1031.458 755.443 257.963 8.402 1.000 571.664 -1798.302
1049.484 759.104 249.646 8.407 1.000 551.637 -1828.117
1067.610 762.614 241.216 8.412 1.000 555.427 -1874.167
1085.488 765.173 231.483 8.417 1.000 899.307 -1664.230
1103.745 768.794 222.380 8.422 1.000 881.945 -1709.237
1122.290 772.891 213.269 8.427 1.000 659.442 -1782.395
1141.227 776.686 203.739 8.432 1.000 679.204 -1837.633
1159.014 780.110 194.405 8.437 1.000 618.810 -2043.365
1177.133 783.928 184.725 8.442 1.000 615.871 -2089.540
1195.395 787.881 175.091 8.447 1.000 661.546 -2097.406
1213.583 791.270 164.792 8.452 1.000 788.045 -1927.328
1228.420 793.439 155.616 8.457 1.000 622.416 -1831.102
1243.692 795.901 146.089 8.462 1.000 491.711 -1757.716
1258.842 798.219 136.158 8.467 1.000 401.253 -1845.854
1272.416 799.701 127.276 8.472 1.000 85.050 -2008.609
1287.542 801.797 116.018 8.477 1.000 57.803 -2159.745
1302.616 804.198 104.622 8.482 1.000 64.413 -2234.979
1319.537 806.067 92.993 8.488 1.000 202.251 -2224.314
1332.856 808.590 82.374 8.493 1.000 278.733 -2299.086
1348.342 811.422 75.951 8.498 1.000 281.053 -2063.727
1363.011 814.259 72.315 8.503 1.000 244.777 -1735.117
1386.640 818.521 58.742 8.508 3.000 503.566 65.746
1398.819 820.845 58.887 8.513 3.000 568.537 362.127
1411.998 823.379 60.113 8.518 3.000 434.178 1098.282
1424.660 825.535 63.812 8.523 3.000 292.615 1649.359
1439.089 827.966 70.757 8.528 3.000 336.867 1966.484
1449.924 829.247 79.722 8.533 3.000 381.015 2083.973
1459.910 830.199 90.371 8.538 3.000 372.214 2020.791
1469.102 831.067 100.407 8.543 3.000 404.572 1969.461
1478.424 833.011 110.320 8.548 3.000 100.548 1913.615
1487.913 834.266 119.773 8.553 3.000 105.040 1828.993
1497.046 835.342 129.013 8.558 3.000 70.689 1773.077
1506.626 835.736 137.980 8.563 3.000 359.942 1767.242
1516.323 836.421 146.783 8.568 3.000 319.228 1702.740
1526.296 837.300 155.134 8.573 3.000 259.217 1606.282
1535.664 838.277 163.691 8.578 3.000 328.269 1603.846
1544.821 839.876 171.756 8.583 3.000 65.865 1581.743
1554.237 840.919 179.275 8.588 3.000 46.296 1519.301
1563.829 842.078 186.686 8.593 3.000 131.546 1460.623
1573.556 843.197 194.256 8.598 3.000 194.924 1391.685
1583.914 843.992 201.298 8.603 3.000 496.924 1379.032
1593.091 844.966 207.628 8.608 3.000 457.010 1265.380
1600.846 845.584 212.969 8.613 3.000 284.327 1057.467
1607.617 847.925 218.028 8.618 3.000 -55.548 815.726
1613.973 846.700 222.273 8.623 3.000 101.423 796.449
1620.165 847.567 226.196 8.628 3.000 317.690 801.320
1626.319 848.745 230.057 8.633 3.000 481.784 775.989
1632.368 849.672 234.020 8.639 3.000 575.658 745.585
1639.104 850.853 237.638 8.644 3.000 621.672 715.863
1643.385 850.608 239.573 8.649 3.000 626.885 601.490
1645.469 848.990 240.124 8.654 3.000 581.669 447.012
306.598 610.650 380.956 12.976 2.000 584.726 -91.731
327.456 613.688 380.596 12.981 2.000 618.075 -23.551
347.780 616.627 380.411 12.986 2.000 587.225 -15.937
367.577 619.297 378.999 12.991 2.000 542.396 0.990
388.058 622.004 378.578 12.997 2.000 464.363 -104.695
408.113 624.561 377.898 13.002 2.000 449.337 -208.683
