-81.981 512.394 298.887 19.246 18167.105 -88.575 1.000
10.750 511.941 293.761 19.251 18167.105 -88.575 1.000
102.762 511.493 288.674 19.256 18167.105 -88.575 1.000
195.344 511.041 283.556 19.261 18167.105 -88.575 1.000
287.879 510.590 278.441 19.266 18167.105 -88.575 1.000
380.041 510.141 273.346 19.271 18167.105 -88.575 1.000
317.058 495.555 273.810 19.277 8887.440 -794.643 1.000
340.123 495.640 272.576 19.282 7153.404 -467.493 1.000
369.242 494.563 271.280 19.287 6648.327 -373.941 1.000
402.019 493.493 266.644 19.292 6459.240 -309.834 1.000
435.732 493.211 257.972 19.297 6583.935 -220.289 1.000
469.623 493.450 255.430 19.303 6436.845 -146.945 1.000
501.274 491.496 249.072 19.308 6334.907 -185.076 1.000
528.480 489.800 243.172 19.313 5933.750 -249.261 1.000
562.421 489.962 235.581 19.318 6120.717 -192.011 1.000
595.839 488.407 229.110 19.323 6211.443 -225.595 1.000
630.167 487.613 219.675 19.329 6384.893 -179.166 1.000
654.394 482.072 217.666 19.334 5707.650 -454.737 1.000
675.680 483.752 211.925 19.339 5027.507 -237.218 1.000
708.254 483.275 205.850 19.344 5193.118 -184.195 1.000
748.738 481.697 197.849 19.350 5982.477 -123.620 1.000
781.738 480.621 190.292 19.355 6316.846 -64.087 1.000
823.710 476.579 177.080 19.360 7149.548 -419.016 1.000
860.090 474.447 167.897 19.365 7149.548 -419.016 1.000
876.848 475.602 161.863 19.371 5692.706 -242.992 1.000
909.554 473.392 151.380 19.376 5857.885 -285.246 1.000
939.003 472.139 140.912 19.381 5871.985 -254.280 1.000
967.864 468.179 130.698 19.386 5846.809 -443.745 1.000
999.440 466.571 122.494 19.391 5778.386 -400.657 1.000
1029.215 465.623 113.767 19.397 5766.560 -321.535 1.000
1059.914 463.470 105.194 19.402 5870.343 -346.272 1.000
1085.944 462.816 94.688 19.407 5637.401 -259.809 1.000
1111.709 461.761 83.867 19.412 5446.288 -252.759 1.000
1141.294 459.632 70.943 19.417 5321.149 -297.940 1.000
1169.925 457.770 61.374 19.423 5340.425 -303.892 1.000
1200.573 455.371 48.946 19.428 5579.803 -381.637 1.000
1232.374 453.024 36.464 19.433 5800.014 -399.544 1.000
1258.826 450.207 22.880 19.438 5691.037 -454.751 1.000
1284.359 448.980 18.190 19.444 5261.940 -362.452 1.000
1306.834 445.591 22.948 19.449 4943.718 -442.840 1.000
1321.568 442.596 41.655 19.454 4199.195 -446.314 1.000
1333.802 435.310 71.058 19.459 3456.938 -798.928 1.000
1348.259 429.902 91.745 19.464 3141.421 -907.271 1.000
1364.930 425.896 104.648 19.470 3149.421 -869.034 1.000
1381.164 421.648 121.682 19.475 3019.058 -837.251 1.000
1397.194 418.084 135.385 19.480 3103.592 -780.052 1.000
1413.744 415.314 155.318 19.485 3150.719 -684.919 1.000
1430.652 410.271 171.369 19.491 3207.133 -771.312 1.000
1444.264 405.991 188.979 19.496 2963.309 -792.611 1.000
1459.662 401.550 202.471 19.501 2951.341 -852.649 1.000
1476.280 398.078 212.271 19.506 2936.386 -773.908 1.000
1494.138 393.623 225.060 19.512 3034.166 -775.976 1.000
1509.690 389.064 236.545 19.517 3058.364 -827.634 1.000
1524.506 384.431 250.146 19.522 3003.104 -860.586 1.000
1540.648 380.544 260.070 19.527 3107.787 -838.737 1.000
1555.728 376.616 271.976 19.532 3065.294 -808.917 1.000
1572.371 373.014 285.242 19.538 3000.864 -741.350 1.000
1589.446 368.741 294.996 19.543 3199.335 -770.962 1.000
1604.932 363.488 306.585 19.548 3197.053 -859.877 1.000
1618.994 359.446 317.545 19.553 3100.854 -845.265 1.000
1633.593 355.601 328.827 19.558 2962.785 -823.796 1.000
1649.279 351.955 340.392 19.564 2961.311 -741.918 1.000
1664.218 347.766 350.320 19.569 2956.998 -752.832 1.000
1680.356 342.863 359.882 19.574 3025.448 -825.603 1.000
1694.762 338.008 371.839 19.579 2869.350 -868.893 1.000
1707.178 336.417 378.620 19.584 2741.979 -740.740 1.000
