-96.705 512.465 299.701 7.126 18166.876 -88.578 1.000
-5.171 512.019 294.641 7.131 18166.876 -88.578 1.000
87.109 511.569 289.540 7.136 18166.876 -88.578 1.000
179.518 511.119 284.431 7.141 18166.876 -88.578 1.000
271.679 510.669 279.336 7.146 18166.876 -88.578 1.000
363.928 510.219 274.236 7.151 18166.876 -88.578 1.000
311.526 494.896 273.040 7.157 9339.329 -1000.887 1.000
336.749 494.187 274.770 7.162 7607.502 -718.345 1.000
362.876 494.921 271.784 7.167 6648.179 -373.941 1.000
393.186 494.149 267.111 7.172 6398.860 -279.250 1.000
428.415 493.539 260.647 7.177 6473.143 -204.123 1.000
462.601 493.610 256.471 7.183 6436.840 -146.946 1.000
494.009 491.709 250.251 7.188 6334.919 -185.080 1.000
522.815 490.422 243.771 7.193 6101.935 -200.786 1.000
551.607 489.743 238.501 7.198 5830.853 -192.968 1.000
588.320 488.680 230.600 7.203 6211.443 -225.596 1.000
622.548 487.827 221.383 7.208 6384.702 -179.167 1.000
655.966 485.968 215.030 7.214 6471.183 -225.430 1.000
671.918 483.134 211.817 7.219 5261.504 -337.806 1.000
705.668 482.188 204.778 7.224 5456.434 -271.817 1.000
739.035 481.247 198.268 7.229 5777.554 -240.326 1.000
774.275 480.722 189.669 7.234 6260.196 -161.172 1.000
811.645 479.246 180.176 7.240 6745.188 -143.271 1.000
849.085 475.092 170.675 7.245 7149.557 -419.016 1.000
880.608 471.626 164.617 7.250 6769.275 -522.477 1.000
899.413 473.874 156.051 7.255 5760.094 -281.700 1.000
928.540 472.197 148.002 7.260 5733.151 -288.411 1.000
958.097 468.713 135.656 7.266 5716.099 -446.590 1.000
988.554 467.181 126.758 7.271 5764.576 -410.023 1.000
1018.284 465.879 117.804 7.276 5763.349 -351.312 1.000
1048.035 464.659 110.075 7.281 5754.089 -308.405 1.000
1076.934 463.231 97.619 7.286 5637.401 -259.809 1.000
1105.847 462.454 84.416 7.291 5621.727 -236.067 1.000
1132.925 459.947 73.081 7.297 5470.181 -308.755 1.000
1160.015 458.188 64.307 7.302 5375.736 -323.224 1.000
1185.667 456.874 56.622 7.307 5264.302 -298.392 1.000
1221.104 453.801 40.791 7.312 5800.016 -399.544 1.000
1248.583 450.826 27.195 7.317 5687.404 -441.207 1.000
1275.959 449.149 17.380 7.323 5516.975 -430.969 1.000
1297.948 447.975 14.922 7.328 5126.836 -359.041 1.000
1313.586 443.334 37.323 7.333 4400.557 -491.185 1.000
1335.834 438.429 48.875 7.338 4335.074 -644.127 1.000
1348.234 433.402 72.574 7.343 3733.818 -782.961 1.000
1355.869 427.186 103.130 7.348 2972.144 -916.084 1.000
1373.367 422.731 117.429 7.354 3088.521 -904.991 1.000
1389.655 419.846 127.275 7.359 3109.199 -801.787 1.000
1406.574 416.723 146.073 7.364 3149.717 -724.794 1.000
1424.080 412.956 162.093 7.369 3239.900 -710.368 1.000
1440.274 408.515 176.327 7.374 3313.251 -763.097 1.000
1455.771 404.164 190.820 7.379 3277.711 -812.855 1.000
1469.085 399.830 204.374 7.385 2941.149 -822.549 1.000
1482.145 396.269 220.434 7.390 2807.737 -768.527 1.000
1500.648 391.089 231.831 7.395 3083.414 -836.856 1.000
1515.494 386.835 244.820 7.400 3029.942 -849.610 1.000
1531.704 382.784 255.185 7.405 2968.016 -829.623 1.000
1544.716 378.606 270.915 7.410 2843.303 -834.400 1.000
1562.104 375.247 279.787 7.416 2971.959 -751.531 1.000
1580.279 371.280 288.464 7.421 3156.259 -756.747 1.000
1596.572 367.024 299.599 7.426 3199.337 -770.962 1.000
1607.937 361.327 316.876 7.431 2873.510 -873.720 1.000
1624.626 357.390 325.231 7.436 3005.195 -860.337 1.000
1641.077 354.027 331.598 7.441 3055.085 -790.617 1.000
1657.187 350.221 343.279 7.447 3010.693 -740.897 1.000
1672.187 345.613 353.094 7.452 2981.232 -786.706 1.000
1685.505 340.986 365.897 7.457 2878.538 -834.410 1.000
1701.897 338.444 369.001 7.462 2983.710 -745.065 1.000
