-100.621 512.484 299.918 4.678 18166.886 -88.578 1.000
-8.248 512.034 294.811 4.683 18166.886 -88.578 1.000
84.037 511.584 289.709 4.688 18166.886 -88.578 1.000
176.193 511.135 284.615 4.693 18166.886 -88.578 1.000
268.561 510.684 279.509 4.698 18166.886 -88.578 1.000
344.636 516.256 279.132 4.703 17219.310 277.582 1.000
295.714 500.465 274.497 4.708 8295.395 -537.185 1.000
327.566 497.556 272.038 4.713 7253.288 -525.097 1.000
360.564 495.551 267.835 4.718 6718.947 -345.533 1.000
392.904 494.321 261.186 4.724 6576.714 -274.333 1.000
425.060 493.645 261.060 4.729 6473.142 -204.123 1.000
457.925 493.498 255.354 4.734 6469.174 -167.357 1.000
493.863 493.162 247.053 4.739 6622.254 -102.855 1.000
521.705 491.538 241.123 4.744 6324.738 -145.092 1.000
551.024 489.282 234.765 4.749 6060.522 -231.896 1.000
584.522 488.377 229.155 4.754 6225.557 -258.521 1.000
618.456 487.937 220.758 4.760 6452.362 -181.733 1.000
650.984 485.722 214.559 4.765 6606.688 -258.619 1.000
670.366 482.744 208.788 4.770 5675.549 -335.939 1.000
704.484 481.687 202.269 4.775 5762.379 -336.057 1.000
737.668 480.787 195.354 4.780 6096.490 -298.481 1.000
771.031 480.303 188.998 4.785 6444.931 -203.747 1.000
804.545 479.397 181.805 4.791 6745.187 -143.272 1.000
842.613 477.769 166.810 4.796 7213.823 -271.374 1.000
869.731 475.896 159.801 4.801 6552.442 -329.277 1.000
896.094 474.165 152.631 4.806 6009.315 -293.011 1.000
925.981 472.333 144.794 4.811 5959.083 -299.160 1.000
953.388 469.621 134.695 4.816 5750.626 -387.327 1.000
982.285 467.058 125.239 4.822 5758.129 -445.284 1.000
1012.778 466.116 115.837 4.827 5839.960 -360.486 1.000
1043.752 464.449 107.544 4.832 5960.695 -360.049 1.000
1073.679 464.556 97.190 4.837 5860.773 -216.554 1.000
1101.242 462.359 85.354 4.842 5740.637 -262.155 1.000
1126.640 460.536 74.551 4.847 5492.789 -294.235 1.000
1154.894 458.477 63.931 4.852 5531.046 -329.353 1.000
1181.930 456.968 56.105 4.858 5412.360 -312.941 1.000
1212.899 454.426 44.952 4.863 5676.267 -382.813 1.000
1242.094 451.699 28.487 4.868 5723.664 -419.283 1.000
1269.441 449.585 17.947 4.873 5666.419 -437.906 1.000
1290.809 445.961 25.199 4.878 5073.671 -513.953 1.000
1311.340 442.450 34.084 4.883 4690.770 -579.373 1.000
1328.610 438.855 50.450 4.889 4269.227 -678.164 1.000
1343.218 434.018 70.428 4.894 3754.990 -815.531 1.000
1356.357 429.138 90.664 4.899 3346.148 -874.766 1.000
1369.895 425.026 106.958 4.904 3096.977 -842.950 1.000
1386.000 421.140 120.812 4.909 3190.746 -799.397 1.000
1402.037 416.962 136.158 4.914 3228.844 -806.083 1.000
1420.872 413.810 152.448 4.919 3421.348 -741.963 1.000
1436.016 409.987 170.558 4.925 3257.387 -731.904 1.000
1451.233 405.728 184.835 4.930 3194.917 -761.535 1.000
1466.929 401.612 196.771 4.935 3236.410 -771.314 1.000
1481.943 397.157 208.998 4.940 3152.508 -797.682 1.000
1496.107 393.119 226.802 4.945 3034.163 -775.976 1.000
1512.862 388.392 236.834 4.950 3208.841 -844.945 1.000
1529.010 384.265 247.274 4.955 3201.142 -823.123 1.000
1544.429 379.913 259.483 4.961 3198.116 -839.626 1.000
1559.053 376.384 272.131 4.966 3075.121 -780.970 1.000
1575.066 372.487 284.005 4.971 3114.622 -760.074 1.000
1592.254 368.095 294.102 4.976 3314.301 -797.335 1.000
1606.694 363.582 305.295 4.981 3230.806 -832.709 1.000
1621.009 359.373 316.945 4.986 3047.592 -819.662 1.000
1635.991 355.395 327.543 4.992 3036.361 -815.385 1.000
1652.562 351.615 335.930 4.997 3179.334 -766.037 1.000
1669.225 347.698 345.306 5.002 3263.706 -758.673 1.000
1684.604 342.719 354.820 5.007 3274.566 -835.775 1.000
1694.634 340.018 366.857 5.012 2856.338 -748.939 1.000
1711.850 336.649 371.800 5.017 3032.328 -695.218 1.000
