-80.114 512.384 298.784 13.758 18166.860 -88.579 1.000
12.192 511.934 293.681 13.763 18166.860 -88.579 1.000
104.575 511.484 288.574 13.768 18166.860 -88.579 1.000
196.839 511.034 283.473 13.773 18166.860 -88.579 1.000
288.990 510.585 278.379 13.778 18166.860 -88.579 1.000
382.331 510.130 273.219 13.783 18166.860 -88.579 1.000
317.258 495.537 273.795 13.789 8887.454 -794.643 1.000
340.336 495.627 272.558 13.794 7153.644 -467.492 1.000
369.473 494.550 271.261 13.799 6648.023 -373.941 1.000
402.335 493.478 266.616 13.804 6459.240 -309.834 1.000
435.709 493.212 257.976 13.809 6583.676 -220.290 1.000
469.390 493.455 255.465 13.815 6436.843 -146.946 1.000
500.476 491.520 249.202 13.820 6334.920 -185.084 1.000
527.618 489.836 243.318 13.825 5933.757 -249.262 1.000
557.507 489.548 237.512 13.830 5830.846 -192.967 1.000
594.589 488.452 229.358 13.835 6211.449 -225.596 1.000
629.033 487.645 219.928 13.840 6384.580 -179.167 1.000
653.424 482.149 217.833 13.846 5707.649 -454.737 1.000
674.830 483.500 212.520 13.851 5120.114 -296.625 1.000
706.812 483.326 206.152 13.856 5193.118 -184.197 1.000
746.887 481.735 198.147 13.861 5982.480 -123.620 1.000
782.539 480.613 190.169 13.867 6316.846 -64.086 1.000
822.082 476.674 177.491 13.872 7149.557 -419.013 1.000
852.013 476.060 168.788 13.877 6769.496 -327.620 1.000
874.775 475.691 162.390 13.882 5692.702 -242.993 1.000
907.545 473.490 151.919 13.887 5857.889 -285.246 1.000
935.822 471.536 143.018 13.893 5657.567 -290.783 1.000
965.989 468.096 133.222 13.898 5716.097 -446.591 1.000
996.386 466.624 124.408 13.903 5764.577 -410.023 1.000
1025.556 465.515 116.892 13.908 5711.774 -336.821 1.000
1057.057 463.638 106.051 13.913 5870.342 -346.271 1.000
1085.536 462.834 94.821 13.919 5637.401 -259.809 1.000
1111.230 461.783 84.036 13.924 5446.294 -252.760 1.000
1137.630 459.544 74.331 13.929 5250.458 -311.472 1.000
1166.852 457.945 62.530 13.934 5340.424 -303.891 1.000
1196.499 455.670 51.557 13.939 5522.737 -376.370 1.000
1229.050 453.253 37.740 13.944 5800.018 -399.544 1.000
1256.259 450.557 24.963 13.950 5520.223 -420.511 1.000
1284.178 448.507 14.073 13.955 5516.975 -430.969 1.000
1303.030 445.932 23.760 13.960 4943.721 -442.840 1.000
1318.353 442.938 41.177 13.965 4199.194 -446.314 1.000
1333.663 437.499 62.035 13.970 3684.395 -647.523 1.000
1346.808 430.321 90.221 13.976 3141.417 -907.273 1.000
1361.366 426.325 106.265 13.981 3021.033 -867.109 1.000
1378.247 422.457 118.718 13.986 3019.053 -837.252 1.000
1393.248 418.816 134.054 13.991 2969.046 -784.346 1.000
1412.338 415.829 148.672 13.996 3276.731 -698.331 1.000
1431.982 411.323 166.440 14.002 3413.613 -739.568 1.000
1446.707 407.033 182.050 14.007 3313.157 -763.097 1.000
1460.350 402.189 196.892 14.012 3080.586 -841.004 1.000
1475.176 398.635 207.471 14.017 3030.192 -781.586 1.000
1491.684 394.640 219.733 14.023 3105.502 -770.020 1.000
1508.606 390.108 233.863 14.028 3242.452 -812.762 1.000
1522.606 384.976 248.500 14.033 3003.110 -860.586 1.000
1537.309 381.043 261.991 14.038 2987.631 -831.865 1.000
1552.581 377.111 273.828 14.044 2960.028 -801.169 1.000
1566.722 373.967 286.279 14.049 2836.690 -729.219 1.000
1582.517 369.833 297.718 14.054 2891.935 -758.374 1.000
1600.797 363.852 308.433 14.059 3044.468 -865.903 1.000
1615.759 359.811 319.699 14.064 2979.982 -842.716 1.000
1630.322 355.421 331.730 14.070 2865.586 -863.312 1.000
1644.813 352.442 341.027 14.075 2824.361 -776.792 1.000
1661.625 348.426 348.590 14.080 2956.996 -752.832 1.000
1680.090 343.698 355.242 14.085 3170.302 -819.349 1.000
1693.087 340.423 365.852 14.090 2856.341 -748.941 1.000
1707.075 337.476 373.991 14.096 2812.141 -700.640 1.000
