-97.963 512.471 299.771 10.830 18166.804 -88.579 1.000
-5.538 512.021 294.661 10.835 18166.804 -88.579 1.000
86.783 511.571 289.558 10.840 18166.804 -88.579 1.000
178.322 511.124 284.497 10.845 18166.804 -88.579 1.000
270.203 510.676 279.418 10.850 18166.804 -88.579 1.000
362.275 510.227 274.328 10.855 18166.804 -88.579 1.000
302.333 498.014 272.840 10.860 8977.099 -840.629 1.000
330.918 496.233 273.152 10.866 7406.605 -607.842 1.000
360.267 495.651 269.882 10.871 6616.775 -333.155 1.000
393.964 493.639 264.214 10.876 6567.189 -316.823 1.000
427.099 493.580 260.809 10.881 6473.145 -204.122 1.000
462.231 493.426 252.308 10.886 6567.363 -163.134 1.000
496.179 492.795 248.210 10.891 6620.349 -125.337 1.000
523.803 491.266 242.517 10.897 6297.633 -158.435 1.000
551.592 489.796 235.543 10.902 5927.460 -192.873 1.000
585.770 488.386 230.835 10.907 6134.326 -251.433 1.000
620.408 487.887 221.863 10.912 6384.688 -179.166 1.000
654.859 485.571 213.693 10.917 6606.686 -258.619 1.000
672.802 482.549 209.862 10.923 5453.278 -385.062 1.000
705.827 481.723 203.476 10.928 5637.756 -343.252 1.000
739.023 481.027 196.109 10.933 5940.672 -264.062 1.000
774.594 480.190 188.168 10.938 6444.935 -203.747 1.000
808.112 479.321 180.986 10.943 6745.195 -143.272 1.000
846.036 475.270 171.445 10.948 7149.552 -419.014 1.000
877.522 471.864 165.341 10.953 6769.281 -522.477 1.000
898.833 474.032 152.898 10.959 5951.661 -289.847 1.000
927.288 472.509 146.012 10.964 5806.531 -276.808 1.000
955.439 469.438 135.758 10.969 5647.598 -383.755 1.000
984.569 466.723 125.962 10.974 5695.633 -450.268 1.000
1016.113 465.647 115.800 10.979 5826.169 -376.370 1.000
1047.330 464.427 108.933 10.985 5877.213 -330.548 1.000
1076.187 463.805 98.635 10.990 5839.670 -256.410 1.000
1102.169 462.609 85.775 10.995 5621.725 -236.067 1.000
1128.719 460.185 74.760 11.000 5470.181 -308.755 1.000
1155.016 458.982 64.441 11.005 5379.152 -288.060 1.000
1181.894 457.088 57.954 11.010 5264.302 -298.392 1.000
1217.187 454.071 42.295 11.015 5800.018 -399.544 1.000
1244.038 451.178 29.116 11.020 5687.405 -441.207 1.000
1272.215 449.137 17.144 11.026 5691.037 -454.751 1.000
1294.862 446.715 18.984 11.031 5210.305 -452.051 1.000
1314.389 443.595 28.179 11.036 4768.964 -496.854 1.000
1331.418 439.085 47.833 11.041 4335.081 -644.127 1.000
1345.202 433.587 71.653 11.046 3754.990 -815.531 1.000
1354.490 428.490 96.128 11.051 3068.963 -892.309 1.000
1370.200 423.819 112.258 11.056 3034.549 -895.529 1.000
1386.025 420.782 123.966 11.062 3109.149 -801.787 1.000
1401.366 417.035 139.204 11.067 3103.546 -780.052 1.000
1419.901 414.218 155.247 11.072 3276.712 -698.331 1.000
1435.687 409.383 174.535 11.077 3175.433 -756.143 1.000
1452.078 405.080 187.554 11.082 3277.692 -812.855 1.000
1467.202 400.953 200.092 11.087 3187.480 -797.045 1.000
1481.109 396.978 213.559 11.092 2971.752 -786.025 1.000
1497.192 392.842 227.762 11.098 3034.161 -775.976 1.000
1514.355 387.999 237.939 11.103 3208.848 -844.945 1.000
1529.018 383.541 251.218 11.108 3124.598 -849.944 1.000
1544.128 379.605 262.649 11.113 3107.802 -838.737 1.000
1558.523 376.141 275.531 11.118 2960.039 -776.319 1.000
1575.554 372.413 285.255 11.123 3156.254 -756.747 1.000
1591.588 368.225 296.379 11.128 3199.339 -770.962 1.000
1608.075 363.227 306.139 11.134 3230.805 -832.709 1.000
1620.746 358.713 320.414 11.139 2973.087 -847.154 1.000
1635.797 354.988 330.419 11.144 2962.785 -823.795 1.000
1651.760 351.639 338.560 11.149 3059.631 -747.522 1.000
1668.511 347.826 347.723 11.154 3146.082 -732.999 1.000
1683.306 342.034 359.549 11.159 3028.971 -852.314 1.000
1695.941 339.675 367.706 11.164 2856.337 -748.940 1.000
1710.416 337.237 373.712 11.170 2874.313 -640.698 1.000
