-81.886 512.393 298.882 16.526 18167.003 -88.577 1.000
10.156 511.944 293.794 16.531 18167.003 -88.577 1.000
103.473 511.489 288.635 16.536 18167.003 -88.577 1.000
195.826 511.039 283.530 16.541 18167.003 -88.577 1.000
288.241 510.588 278.421 16.546 18167.003 -88.577 1.000
380.454 510.139 273.323 16.551 18167.003 -88.577 1.000
315.413 495.702 273.937 16.557 8887.427 -794.644 1.000
338.828 495.725 272.690 16.562 7153.593 -467.492 1.000
367.976 494.634 271.380 16.567 6647.915 -373.942 1.000
400.757 493.553 266.758 16.572 6459.224 -309.834 1.000
433.491 493.379 260.022 16.577 6473.141 -204.123 1.000
467.630 493.495 255.726 16.583 6436.842 -146.942 1.000
498.901 491.566 249.457 16.588 6334.903 -185.075 1.000
526.224 489.894 243.554 16.593 5933.746 -249.260 1.000
556.132 489.594 237.743 16.598 5830.850 -192.968 1.000
593.258 488.501 229.622 16.603 6211.460 -225.596 1.000
627.731 487.681 220.220 16.608 6384.638 -179.167 1.000
648.709 484.742 216.125 16.614 5400.586 -280.955 1.000
676.941 482.811 210.791 16.619 5261.500 -337.806 1.000
710.963 481.925 203.580 16.624 5456.436 -271.816 1.000
748.845 481.406 195.585 16.629 6149.449 -144.458 1.000
782.057 480.618 190.243 16.635 6316.848 -64.086 1.000
821.566 476.704 177.621 16.640 7149.546 -419.007 1.000
851.426 476.089 168.942 16.645 6769.482 -327.619 1.000
875.256 475.203 161.579 16.650 5826.829 -306.971 1.000
906.980 473.518 152.070 16.655 5857.881 -285.246 1.000
935.372 471.559 143.152 16.661 5657.572 -290.785 1.000
965.586 468.128 133.346 16.666 5716.107 -446.591 1.000
996.120 466.643 124.488 16.671 5764.578 -410.023 1.000
1025.277 465.531 116.969 16.676 5711.776 -336.821 1.000
1056.708 463.659 106.156 16.681 5870.337 -346.270 1.000
1084.977 462.860 95.003 16.687 5637.401 -259.809 1.000
1110.651 461.810 84.240 16.692 5446.291 -252.760 1.000
1136.968 459.583 74.569 16.697 5250.459 -311.472 1.000
1163.372 458.547 64.344 16.702 5187.271 -281.811 1.000
1195.986 455.705 51.744 16.707 5522.737 -376.369 1.000
1228.417 453.297 37.984 16.712 5800.018 -399.544 1.000
1255.793 450.593 25.152 16.718 5520.223 -420.511 1.000
1283.646 448.548 14.286 16.723 5516.975 -430.969 1.000
1307.321 445.482 15.124 16.728 5275.289 -476.382 1.000
1319.426 441.320 43.780 16.733 4292.189 -548.226 1.000
1334.501 436.939 61.792 16.738 3760.771 -684.454 1.000
1349.274 430.446 87.211 16.744 3301.933 -900.074 1.000
1363.475 426.298 103.225 16.749 3149.456 -869.034 1.000
1378.382 422.420 118.854 16.754 3019.051 -837.251 1.000
1393.355 418.787 134.165 16.759 2969.047 -784.348 1.000
1412.417 415.813 148.741 16.764 3276.659 -698.331 1.000
1431.521 411.423 166.045 16.770 3413.504 -739.568 1.000
1446.281 407.132 181.669 16.775 3313.359 -763.097 1.000
1460.079 402.263 196.630 16.780 3080.581 -841.004 1.000
1474.837 398.723 207.189 16.785 3030.192 -781.586 1.000
1491.285 394.738 219.422 16.790 3105.511 -770.020 1.000
1508.334 390.176 233.657 16.796 3242.412 -812.762 1.000
1522.182 385.097 248.134 16.801 3003.105 -860.585 1.000
1534.810 380.820 264.480 16.806 2838.080 -854.918 1.000
1552.164 377.224 273.485 16.811 2960.027 -801.169 1.000
1566.314 374.072 285.911 16.816 2836.690 -729.219 1.000
1582.139 369.932 297.391 16.822 2891.935 -758.374 1.000
1600.215 364.017 307.994 16.827 3044.471 -865.905 1.000
1614.713 360.106 318.909 16.832 2979.985 -842.718 1.000
1631.406 356.209 327.247 16.837 2962.787 -823.795 1.000
1646.426 352.555 337.653 16.843 2942.061 -776.218 1.000
1663.688 348.950 345.005 16.848 3146.075 -732.999 1.000
1679.795 343.775 355.078 16.853 3170.314 -819.348 1.000
1695.464 338.839 364.943 16.858 3153.920 -865.004 1.000
1706.650 337.581 373.723 16.863 2812.146 -700.641 1.000
