-823.687 -743.490 1435.204 28.406 -1804.774 -1595.771 3.000
-971.089 -875.797 1528.474 28.411 -1803.835 -1667.099 3.000
-1061.125 -956.652 1585.482 28.416 -1796.773 -1706.112 3.000
-1124.988 -1014.025 1626.032 28.421 -1795.219 -1733.257 3.000
-1075.713 -976.986 1596.634 28.426 -1756.141 -1695.938 3.000
-1041.649 -953.243 1576.938 28.431 -1721.206 -1667.677 3.000
-1020.644 -941.069 1565.429 28.436 -1713.800 -1655.611 3.000
-918.281 -861.665 1503.002 28.441 -1690.545 -1602.640 3.000
-1017.130 -944.593 1564.135 28.446 -1718.221 -1651.870 3.000
-998.984 -935.126 1554.335 28.451 -1702.169 -1638.616 3.000
-977.237 -923.169 1542.372 28.456 -1673.743 -1619.962 3.000
-963.634 -917.668 1535.292 28.461 -1662.061 -1610.506 3.000
-944.725 -908.389 1525.078 28.466 -1650.001 -1599.254 3.000
-939.703 -909.807 1523.234 28.471 -1658.135 -1600.368 3.000
-844.036 -842.833 1466.226 28.476 -1672.302 -1571.040 3.000
709.329 208.036 554.302 28.503 3908.957 -630.612 4.000
728.907 204.381 544.642 28.508 3889.788 -714.548 4.000
765.446 201.321 549.770 28.513 4162.785 -1033.295 1.000
786.368 196.137 539.085 28.518 4067.190 -989.278 1.000
806.645 191.108 528.456 28.523 4039.284 -992.261 1.000
826.622 186.087 517.543 28.528 3985.572 -985.817 1.000
846.367 181.290 506.441 28.533 3890.488 -991.280 1.000
866.375 176.305 495.507 28.538 3774.143 -917.442 1.000
885.987 171.610 484.436 28.543 3762.038 -925.173 1.000
905.068 166.980 472.730 28.548 3762.632 -920.055 1.000
923.948 162.322 461.340 28.553 3749.656 -913.345 1.000
942.634 157.542 450.462 28.558 3721.708 -910.604 1.000
961.435 152.915 438.696 28.563 3741.096 -936.621 1.000
980.323 148.146 425.900 28.568 3730.355 -936.586 1.000
999.092 143.447 413.261 28.574 3723.367 -933.416 1.000
1017.908 138.906 400.387 28.579 3725.423 -934.761 1.000
1036.383 134.497 387.361 28.584 3633.503 -923.798 1.000
1054.684 129.810 374.038 28.589 3572.830 -883.206 1.000
1072.845 125.268 360.486 28.594 3581.204 -877.037 1.000
1090.915 120.759 346.893 28.599 3553.122 -863.541 1.000
1109.162 116.327 332.607 28.604 3572.075 -867.279 1.000
1127.377 112.008 317.966 28.609 3537.516 -841.230 1.000
1135.196 109.394 275.143 28.614 3899.028 -761.978 2.000
1154.834 105.347 259.808 28.619 3824.099 -784.510 2.000
1174.089 101.272 244.406 28.624 3754.016 -784.915 2.000
1192.934 97.314 229.375 28.629 3753.505 -823.601 2.000
1212.309 93.445 213.345 28.634 3669.920 -900.642 2.000
1230.795 88.868 197.624 28.639 3714.020 -860.389 2.000
1253.380 82.122 214.345 28.644 3559.057 -860.891 1.000
1271.835 77.726 198.454 28.649 3566.514 -875.546 1.000
1289.622 73.575 182.776 28.654 3569.412 -879.802 1.000
1307.526 69.365 166.817 28.659 3542.035 -855.946 1.000
1325.101 65.045 150.594 28.665 3482.970 -849.108 1.000
1342.280 60.937 133.860 28.670 3427.387 -800.917 1.000
1359.562 56.874 117.436 28.675 3372.767 -781.652 1.000
1373.981 53.410 102.591 28.680 2976.018 -661.541 1.000
1389.019 50.805 88.205 28.685 2923.481 -577.392 1.000
1403.375 49.471 77.938 28.690 2697.351 -353.617 1.000
1415.210 49.414 71.710 28.695 2364.878 -43.993 1.000
1386.937 73.292 41.093 28.700 529.544 1066.302 6.000
1376.253 110.557 22.890 28.722 -1382.045 2410.610 6.000
1369.304 122.677 22.004 28.727 -1382.045 2410.610 6.000
1362.346 134.814 21.117 28.732 -1382.045 2410.610 6.000
1355.387 146.952 20.229 28.737 -1382.045 2410.610 6.000
1348.427 159.091 19.342 28.742 -1382.045 2410.610 6.000
1341.427 171.302 18.450 28.747 -1382.045 2410.610 6.000
1334.483 183.413 17.564 28.752 -1382.045 2410.610 6.000
1327.523 195.553 16.677 28.757 -1382.045 2410.610 6.000
1320.570 207.681 15.790 28.762 -1382.045 2410.610 6.000
1313.610 219.820 14.903 28.767 -1382.045 2410.610 6.000
1306.656 231.950 14.016 28.772 -1382.045 2410.610 6.000
1299.725 244.040 13.133 28.777 -1382.045 2410.610 6.000
1292.761 256.186 12.245 28.782 -1382.045 2410.610 6.000
1285.820 268.293 11.360 28.787 -1382.045 2410.610 6.000
1278.876 280.405 10.474 28.792 -1382.045 2410.610 6.000
1271.918 292.540 9.587 28.797 -1382.045 2410.610 6.000
1264.979 304.644 8.702 28.802 -1382.045 2410.610 6.000
1258.031 316.764 7.817 28.807 -1382.045 2410.610 6.000
1251.073 328.900 6.929 28.813 -1382.045 2410.610 6.000
1244.131 341.009 6.044 28.818 -1382.045 2410.610 6.000
1237.185 353.123 5.159 28.823 -1382.045 2410.610 6.000
1230.211 365.287 4.270 28.828 -1382.045 2410.610 6.000
1223.268 377.397 3.384 28.833 -1382.045 2410.610 6.000
1216.331 389.499 2.500 28.838 -1382.045 2410.610 6.000
1209.372 401.636 1.613 28.843 -1382.045 2410.610 6.000
1202.377 413.837 0.721 28.848 -1382.045 2410.610 6.000
1195.445 425.928 -0.163 28.853 -1382.045 2410.610 6.000
1188.515 438.016 -1.047 28.858 -1382.045 2410.610 6.000
1181.553 450.159 -1.934 28.863 -1382.045 2410.610 6.000
1174.595 462.296 -2.822 28.868 -1382.045 2410.610 6.000
1167.652 474.406 -3.707 28.873 -1382.045 2410.610 6.000
1160.700 486.532 -4.593 28.878 -1382.045 2410.610 6.000
1153.758 498.639 -5.478 28.883 -1382.045 2410.610 6.000
1146.819 510.743 -6.363 28.888 -1382.045 2410.610 6.000
1139.875 522.856 -7.248 28.893 -1382.045 2410.610 6.000
1132.922 534.982 -8.135 28.898 -1382.045 2410.610 6.000
1125.935 547.170 -9.026 28.903 -1382.045 2410.610 6.000
1119.036 559.203 -9.905 28.908 -1382.045 2410.610 6.000
1112.078 571.339 -10.793 28.913 -1382.045 2410.610 6.000
1105.145 583.432 -11.676 28.918 -1382.045 2410.610 6.000
1098.190 595.564 -12.563 28.923 -1382.045 2410.610 6.000
1091.250 607.669 -13.448 28.928 -1382.045 2410.610 6.000
1084.308 619.777 -14.333 28.933 -1382.045 2410.610 6.000
1077.346 631.921 -15.221 28.938 -1382.045 2410.610 6.000
1070.409 644.020 -16.105 28.943 -1382.045 2410.610 6.000
1063.465 656.133 -16.991 28.948 -1382.045 2410.610 6.000
1056.522 668.241 -17.876 28.953 -1382.045 2410.610 6.000
1049.577 680.356 -18.762 28.958 -1382.045 2410.610 6.000
1042.639 692.457 -19.646 28.963 -1382.045 2410.610 6.000
1035.657 704.636 -20.536 28.968 -1382.045 2410.610 6.000
1028.709 716.755 -21.422 28.973 -1382.045 2410.610 6.000
1021.764 728.868 -22.308 28.978 -1382.045 2410.610 6.000
1014.817 740.986 -23.193 28.983 -1382.045 2410.610 6.000
1007.870 753.103 -24.079 28.988 -1382.045 2410.610 6.000
1000.929 765.209 -24.964 28.994 -1382.045 2410.610 6.000
993.983 777.324 -25.850 28.999 -1382.045 2410.610 6.000
987.041 789.433 -26.735 29.004 -1382.045 2410.610 6.000
980.090 801.558 -27.621 29.009 -1382.045 2410.610 6.000
973.150 813.662 -28.506 29.014 -1382.045 2410.610 6.000
966.205 825.777 -29.392 29.019 -1382.045 2410.610 6.000
959.255 837.899 -30.278 29.024 -1382.045 2410.610 6.000
952.331 849.976 -31.160 29.029 -1382.045 2410.610 6.000
945.386 862.089 -32.046 29.034 -1382.045 2410.610 6.000
938.429 874.225 -32.933 29.039 -1382.045 2410.610 6.000
931.495 886.318 -33.817 29.044 -1382.045 2410.610 6.000
924.551 898.431 -34.702 29.049 -1382.045 2410.610 6.000
917.575 910.599 -35.592 29.054 -1382.045 2410.610 6.000
910.634 922.705 -36.477 29.059 -1382.045 2410.610 6.000
903.699 934.801 -37.361 29.064 -1382.045 2410.610 6.000
896.749 946.923 -38.247 29.069 -1382.045 2410.610 6.000
889.809 959.029 -39.132 29.074 -1382.045 2410.610 6.000
882.864 971.143 -40.018 29.079 -1382.045 2410.610 6.000
875.923 983.250 -40.903 29.084 -1382.045 2410.610 6.000
868.978 995.364 -41.788 29.089 -1382.045 2410.610 6.000
862.031 1007.481 -42.674 29.094 -1382.045 2410.610 6.000
855.092 1019.583 -43.558 29.099 -1382.045 2410.610 6.000
848.145 1031.701 -44.444 29.104 -1382.045 2410.610 6.000
841.201 1043.813 -45.330 29.109 -1382.045 2410.610 6.000
834.256 1055.926 -46.215 29.114 -1382.045 2410.610 6.000
827.310 1068.041 -47.101 29.119 -1382.045 2410.610 6.000
820.369 1080.149 -47.986 29.124 -1382.045 2410.610 6.000
813.433 1092.246 -48.870 29.129 -1382.045 2410.610 6.000
806.478 1104.377 -49.757 29.134 -1382.045 2410.610 6.000
799.549 1116.463 -50.640 29.139 -1382.045 2410.610 6.000
792.610 1128.567 -51.525 29.144 -1382.045 2410.610 6.000
785.654 1140.699 -52.412 29.149 -1382.045 2410.610 6.000
778.721 1152.793 -53.296 29.154 -1382.045 2410.610 6.000
771.776 1164.905 -54.181 29.159 -1382.045 2410.610 6.000
764.821 1177.038 -55.068 29.164 -1382.045 2410.610 6.000
757.886 1189.133 -55.952 29.169 -1382.045 2410.610 6.000
750.947 1201.236 -56.837 29.174 -1382.045 2410.610 6.000
743.992 1213.367 -57.724 29.179 -1382.045 2410.610 6.000
737.052 1225.473 -58.609 29.184 -1382.045 2410.610 6.000
730.106 1237.588 -59.494 29.189 -1382.045 2410.610 6.000
723.160 1249.704 -60.380 29.195 -1382.045 2410.610 6.000
716.207 1261.832 -61.267 29.200 -1382.045 2410.610 6.000
709.261 1273.946 -62.152 29.205 -1382.045 2410.610 6.000
702.348 1286.005 -63.034 29.210 -1382.045 2410.610 6.000
695.395 1298.132 -63.920 29.215 -1382.045 2410.610 6.000
688.438 1310.267 -64.807 29.220 -1382.045 2410.610 6.000
681.516 1322.341 -65.690 29.225 -1382.045 2410.610 6.000
674.554 1334.485 -66.577 29.230 -1382.045 2410.610 6.000
667.605 1346.604 -67.463 29.235 -1382.045 2410.610 6.000
660.665 1358.709 -68.348 29.240 -1382.045 2410.610 6.000
653.713 1370.835 -69.235 29.245 -1382.045 2410.610 6.000
646.776 1382.936 -70.119 29.250 -1382.045 2410.610 6.000
639.840 1395.034 -71.003 29.255 -1382.045 2410.610 6.000
632.886 1407.162 -71.890 29.260 -1382.045 2410.610 6.000
625.946 1419.268 -72.775 29.265 -1382.045 2410.610 6.000
619.009 1431.367 -73.659 29.270 -1382.045 2410.610 6.000
612.051 1443.503 -74.546 29.275 -1382.045 2410.610 6.000
605.119 1455.594 -75.430 29.280 -1382.045 2410.610 6.000
598.179 1467.699 -76.315 29.285 -1382.045 2410.610 6.000
591.224 1479.830 -77.202 29.290 -1382.045 2410.610 6.000
584.263 1491.972 -78.089 29.295 -1382.045 2410.610 6.000
577.339 1504.051 -78.972 29.300 -1382.045 2410.610 6.000
570.409 1516.138 -79.856 29.305 -1382.045 2410.610 6.000
563.457 1528.263 -80.742 29.310 -1382.045 2410.610 6.000
556.524 1540.356 -81.626 29.315 -1382.045 2410.610 6.000
549.596 1552.440 -82.510 29.320 -1382.045 2410.610 6.000
542.643 1564.568 -83.396 29.325 -1382.045 2410.610 6.000
535.702 1576.674 -84.281 29.330 -1382.045 2410.610 6.000
528.776 1588.755 -85.164 29.335 -1382.045 2410.610 6.000
521.830 1600.871 -86.050 29.340 -1382.045 2410.610 6.000
514.881 1612.991 -86.936 29.345 -1382.045 2410.610 6.000
507.958 1625.066 -87.818 29.350 -1382.045 2410.610 6.000
501.009 1637.187 -88.704 29.355 -1382.045 2410.610 6.000
494.059 1649.309 -89.591 29.360 -1382.045 2410.610 6.000
487.133 1661.390 -90.474 29.365 -1382.045 2410.610 6.000
480.184 1673.511 -91.360 29.370 -1382.045 2410.610 6.000
473.236 1685.630 -92.246 29.375 -1382.045 2410.610 6.000
466.310 1697.710 -93.129 29.380 -1382.045 2410.610 6.000
459.376 1709.805 -94.013 29.385 -1382.045 2410.610 6.000
452.427 1721.926 -94.899 29.390 -1382.045 2410.610 6.000
445.489 1734.027 -95.783 29.395 -1382.045 2410.610 6.000
438.554 1746.123 -96.667 29.400 -1382.045 2410.610 6.000
431.611 1758.234 -97.553 29.405 -1382.045 2410.610 6.000
424.613 1770.440 -98.445 29.411 -1382.045 2410.610 6.000
417.679 1782.534 -99.329 29.416 -1382.045 2410.610 6.000
410.747 1794.624 -100.213 29.421 -1382.045 2410.610 6.000
403.760 1806.812 -101.104 29.426 -1382.045 2410.610 6.000
396.779 1818.989 -101.994 29.431 -1382.045 2410.610 6.000
389.865 1831.048 -102.875 29.436 -1382.045 2410.610 6.000
382.916 1843.168 -103.761 29.441 -1382.045 2410.610 6.000
375.992 1855.245 -104.644 29.446 -1382.045 2410.610 6.000
369.052 1867.351 -105.529 29.451 -1382.045 2410.610 6.000
362.097 1879.482 -106.416 29.456 -1382.045 2410.610 6.000
355.173 1891.560 -107.299 29.461 -1382.045 2410.610 6.000
348.243 1903.648 -108.182 29.466 -1382.045 2410.610 6.000
341.281 1915.789 -109.070 29.471 -1382.045 2410.610 6.000
334.355 1927.870 -109.953 29.476 -1382.045 2410.610 6.000
327.425 1939.957 -110.836 29.481 -1382.045 2410.610 6.000
320.444 1952.134 -111.727 29.486 -1382.045 2410.610 6.000
313.502 1964.244 -112.612 29.491 -1382.045 2410.610 6.000
306.570 1976.335 -113.496 29.496 -1382.045 2410.610 6.000
299.617 1988.462 -114.382 29.501 -1382.045 2410.610 6.000
292.679 2000.564 -115.267 29.506 -1382.045 2410.610 6.000
285.737 2012.672 -116.152 29.511 -1382.045 2410.610 6.000
278.791 2024.787 -117.037 29.516 -1382.045 2410.610 6.000
271.849 2036.896 -117.923 29.521 -1382.045 2410.610 6.000
264.901 2049.014 -118.808 29.526 -1382.045 2410.610 6.000
257.962 2061.119 -119.693 29.531 -1382.045 2410.610 6.000
251.010 2073.244 -120.580 29.536 -1382.045 2410.610 6.000
244.065 2085.358 -121.465 29.541 -1382.045 2410.610 6.000
237.113 2097.483 -122.351 29.546 -1382.045 2410.610 6.000
230.144 2109.639 -123.240 29.551 -1382.045 2410.610 6.000
223.201 2121.749 -124.125 29.556 -1382.045 2410.610 6.000
216.245 2133.883 -125.012 29.561 -1382.045 2410.610 6.000
209.324 2145.954 -125.895 29.566 -1382.045 2410.610 6.000
202.397 2158.037 -126.778 29.571 -1382.045 2410.610 6.000
195.462 2170.133 -127.662 29.576 -1382.045 2410.610 6.000
188.506 2182.266 -128.549 29.581 -1382.045 2410.610 6.000
181.573 2194.358 -129.433 29.586 -1382.045 2410.610 6.000
174.616 2206.492 -130.320 29.591 -1382.045 2410.610 6.000
167.682 2218.588 -131.204 29.596 -1382.045 2410.610 6.000
160.752 2230.676 -132.088 29.601 -1382.045 2410.610 6.000
153.821 2242.764 -132.971 29.606 -1382.045 2410.610 6.000
146.818 2254.979 -133.864 29.612 -1382.045 2410.610 6.000
139.927 2266.999 -134.743 29.617 -1382.045 2410.610 6.000
132.987 2279.104 -135.628 29.622 -1382.045 2410.610 6.000
126.038 2291.224 -136.514 29.627 -1382.045 2410.610 6.000
119.099 2303.328 -137.398 29.632 -1382.045 2410.610 6.000
112.165 2315.421 -138.282 29.637 -1382.045 2410.610 6.000
105.235 2327.510 -139.166 29.642 -1382.045 2410.610 6.000
98.279 2339.642 -140.053 29.647 -1382.045 2410.610 6.000
91.345 2351.737 -140.937 29.652 -1382.045 2410.610 6.000
84.418 2363.820 -141.820 29.657 -1382.045 2410.610 6.000
77.468 2375.941 -142.706 29.662 -1382.045 2410.610 6.000
70.523 2388.056 -143.592 29.667 -1382.045 2410.610 6.000
63.597 2400.137 -144.475 29.672 -1382.045 2410.610 6.000
56.646 2412.261 -145.361 29.677 -1382.045 2410.610 6.000
49.702 2424.373 -146.247 29.682 -1382.045 2410.610 6.000
42.769 2436.465 -147.130 29.687 -1382.045 2410.610 6.000
35.823 2448.580 -148.016 29.692 -1382.045 2410.610 6.000
28.880 2460.691 -148.901 29.697 -1382.045 2410.610 6.000
21.946 2472.785 -149.785 29.702 -1382.045 2410.610 6.000
15.014 2484.876 -150.669 29.707 -1382.045 2410.610 6.000
8.065 2496.998 -151.555 29.712 -1382.045 2410.610 6.000
1.135 2509.085 -152.439 29.717 -1382.045 2410.610 6.000
-5.849 2521.266 -153.329 29.722 -1382.045 2410.610 6.000
-12.762 2533.324 -154.211 29.727 -1382.045 2410.610 6.000
-19.691 2545.410 -155.094 29.732 -1382.045 2410.610 6.000
-26.640 2557.531 -155.980 29.737 -1382.045 2410.610 6.000
-33.584 2569.643 -156.866 29.742 -1382.045 2410.610 6.000
-40.519 2581.739 -157.750 29.747 -1382.045 2410.610 6.000
-47.460 2593.845 -158.635 29.752 -1382.045 2410.610 6.000
-54.400 2605.951 -159.520 29.757 -1382.045 2410.610 6.000
-61.346 2618.066 -160.405 29.762 -1382.045 2410.610 6.000
-68.273 2630.148 -161.288 29.767 -1382.045 2410.610 6.000
-75.219 2642.264 -162.174 29.772 -1382.045 2410.610 6.000
-82.165 2654.379 -163.060 29.777 -1382.045 2410.610 6.000
-89.092 2666.462 -163.943 29.782 -1382.045 2410.610 6.000
-96.032 2678.566 -164.828 29.787 -1382.045 2410.610 6.000
-102.987 2690.697 -165.714 29.792 -1382.045 2410.610 6.000
-109.910 2702.774 -166.597 29.797 -1382.045 2410.610 6.000
-116.850 2714.878 -167.482 29.802 -1382.045 2410.610 6.000
-123.808 2727.014 -168.369 29.807 -1382.045 2410.610 6.000
-130.737 2739.101 -169.253 29.812 -1382.045 2410.610 6.000
-137.686 2751.220 -170.139 29.817 -1382.045 2410.610 6.000
-144.625 2763.324 -171.023 29.822 -1382.045 2410.610 6.000
-151.563 2775.425 -171.908 29.827 -1382.045 2410.610 6.000
-158.496 2787.519 -172.792 29.832 -1382.045 2410.610 6.000
-165.441 2799.632 -173.677 29.837 -1382.045 2410.610 6.000
-172.383 2811.740 -174.563 29.842 -1382.045 2410.610 6.000
-179.318 2823.836 -175.447 29.848 -1382.045 2410.610 6.000
-186.260 2835.945 -176.332 29.853 -1382.045 2410.610 6.000
-193.202 2848.054 -177.217 29.858 -1382.045 2410.610 6.000
-200.140 2860.156 -178.102 29.863 -1382.045 2410.610 6.000
-207.077 2872.255 -178.986 29.868 -1382.045 2410.610 6.000
-214.030 2884.384 -179.873 29.873 -1382.045 2410.610 6.000
-220.960 2896.470 -180.756 29.878 -1382.045 2410.610 6.000
-227.899 2908.574 -181.641 29.883 -1382.045 2410.610 6.000
-234.845 2920.689 -182.527 29.888 -1382.045 2410.610 6.000
-241.799 2932.819 -183.413 29.893 -1382.045 2410.610 6.000
-248.728 2944.905 -184.297 29.898 -1382.045 2410.610 6.000
-255.683 2957.035 -185.183 29.903 -1382.045 2410.610 6.000
-262.627 2969.146 -186.069 29.908 -1382.045 2410.610 6.000
-269.562 2981.244 -186.953 29.913 -1382.045 2410.610 6.000
-276.517 2993.375 -187.840 29.918 -1382.045 2410.610 6.000
-283.459 3005.483 -188.725 29.923 -1382.045 2410.610 6.000
-290.394 3017.579 -189.609 29.928 -1382.045 2410.610 6.000
-297.344 3029.701 -190.495 29.933 -1382.045 2410.610 6.000
-304.287 3041.812 -191.380 29.938 -1382.045 2410.610 6.000
-311.232 3053.925 -192.266 29.943 -1382.045 2410.610 6.000
-318.176 3066.038 -193.151 29.948 -1382.045 2410.610 6.000
-325.113 3078.137 -194.036 29.953 -1382.045 2410.610 6.000
-332.061 3090.256 -194.922 29.958 -1382.045 2410.610 6.000
-338.985 3102.334 -195.804 29.963 -1382.045 2410.610 6.000
-345.937 3114.460 -196.691 29.968 -1382.045 2410.610 6.000
-352.882 3126.572 -197.576 29.973 -1382.045 2410.610 6.000
-359.804 3138.648 -198.459 29.978 -1382.045 2410.610 6.000
-366.762 3150.784 -199.346 29.983 -1382.045 2410.610 6.000
-373.727 3162.931 -200.234 29.988 -1382.045 2410.610 6.000
-380.643 3174.995 -201.116 29.993 -1382.045 2410.610 6.000
-387.608 3187.143 -202.004 29.998 -1382.045 2410.610 6.000
-394.552 3199.255 -202.889 30.003 -1382.045 2410.610 6.000
-401.495 3211.366 -203.775 30.008 -1382.045 2410.610 6.000
-408.444 3223.486 -204.661 30.013 -1382.045 2410.610 6.000
-415.372 3235.570 -205.544 30.018 -1382.045 2410.610 6.000
-422.313 3247.678 -206.429 30.023 -1382.045 2410.610 6.000
-429.258 3259.791 -207.314 30.028 -1382.045 2410.610 6.000
-436.198 3271.896 -208.199 30.033 -1382.045 2410.610 6.000
-443.137 3283.998 -209.084 30.038 -1382.045 2410.610 6.000
-450.080 3296.109 -209.969 30.043 -1382.045 2410.610 6.000
-457.019 3308.212 -210.854 30.048 -1382.045 2410.610 6.000
-463.959 3320.318 -211.739 30.053 -1382.045 2410.610 6.000
-470.921 3332.460 -212.626 30.059 -1382.045 2410.610 6.000
-477.892 3344.619 -213.515 30.064 -1382.045 2410.610 6.000
-484.840 3356.738 -214.401 30.069 -1382.045 2410.610 6.000
-491.758 3368.806 -215.283 30.074 -1382.045 2410.610 6.000
-498.717 3380.943 -216.170 30.079 -1382.045 2410.610 6.000
-505.649 3393.035 -217.054 30.084 -1382.045 2410.610 6.000
-512.599 3405.157 -217.940 30.089 -1382.045 2410.610 6.000
-519.545 3417.273 -218.826 30.094 -1382.045 2410.610 6.000
-526.487 3429.382 -219.711 30.099 -1382.045 2410.610 6.000
-533.425 3441.482 -220.596 30.104 -1382.045 2410.610 6.000
-540.366 3453.590 -221.481 30.109 -1382.045 2410.610 6.000
-547.310 3465.701 -222.366 30.114 -1382.045 2410.610 6.000
-554.242 3477.792 -223.250 30.119 -1382.045 2410.610 6.000
-561.194 3489.918 -224.136 30.124 -1382.045 2410.610 6.000
-568.134 3502.023 -225.021 30.129 -1382.045 2410.610 6.000
-575.062 3514.107 -225.905 30.134 -1382.045 2410.610 6.000
-582.015 3526.235 -226.791 30.139 -1382.045 2410.610 6.000
-588.954 3538.339 -227.676 30.144 -1382.045 2410.610 6.000
-595.884 3550.426 -228.559 30.149 -1382.045 2410.610 6.000
-602.868 3562.607 -229.450 30.154 -1382.045 2410.610 6.000
-609.814 3574.723 -230.335 30.159 -1382.045 2410.610 6.000
-616.735 3586.795 -231.218 30.164 -1382.045 2410.610 6.000
-623.697 3598.938 -232.105 30.169 -1382.045 2410.610 6.000
-630.627 3611.025 -232.989 30.174 -1382.045 2410.610 6.000
-637.554 3623.109 -233.872 30.179 -1382.045 2410.610 6.000
-644.503 3635.228 -234.758 30.184 -1382.045 2410.610 6.000
-651.450 3647.346 -235.644 30.189 -1382.045 2410.610 6.000
-658.384 3659.440 -236.528 30.194 -1382.045 2410.610 6.000
-665.315 3671.530 -237.412 30.199 -1382.045 2410.610 6.000
-672.265 3683.653 -238.298 30.204 -1382.045 2410.610 6.000
-679.209 3695.764 -239.183 30.209 -1382.045 2410.610 6.000
-686.135 3707.845 -240.066 30.214 -1382.045 2410.610 6.000
-693.089 3719.974 -240.953 30.219 -1382.045 2410.610 6.000
-700.032 3732.084 -241.838 30.224 -1382.045 2410.610 6.000
-706.957 3744.163 -242.721 30.229 -1382.045 2410.610 6.000
-713.898 3756.269 -243.606 30.234 -1382.045 2410.610 6.000
-720.856 3768.407 -244.493 30.239 -1382.045 2410.610 6.000
-727.780 3780.484 -245.376 30.244 -1382.045 2410.610 6.000
-734.724 3792.595 -246.261 30.249 -1382.045 2410.610 6.000
-741.676 3804.721 -247.148 30.254 -1382.045 2410.610 6.000
-748.605 3816.807 -248.031 30.259 -1382.045 2410.610 6.000
-755.549 3828.920 -248.917 30.264 -1382.045 2410.610 6.000
-762.498 3841.039 -249.803 30.269 -1382.045 2410.610 6.000
-769.427 3853.125 -250.686 30.274 -1382.045 2410.610 6.000
-776.439 3865.356 -251.580 30.280 -1382.045 2410.610 6.000
-783.322 3877.361 -252.458 30.285 -1382.045 2410.610 6.000
-790.261 3889.465 -253.343 30.290 -1382.045 2410.610 6.000
