1990.000 140.000 2.000 5.395 2.000 1.000 1.000
2610.000 10.000 1.000 5.396 1.000 1.000 1.000
2050.000 220.000 2.000 5.396 2.000 1.000 1.000
2560.000 70.000 1.000 5.397 1.000 1.000 1.000
2520.000 140.000 1.000 5.398 1.000 1.000 1.000
2110.000 280.000 2.000 5.400 2.000 1.000 1.000
2490.000 220.000 1.000 5.402 1.000 1.000 1.000
2160.000 360.000 2.000 5.404 2.000 1.000 1.000
2430.000 270.000 1.000 5.406 1.000 1.000 1.000
2190.000 400.000 2.000 5.408 2.000 1.000 1.000
2400.000 330.000 1.000 5.410 1.000 1.000 1.000
2370.000 370.000 1.000 5.414 1.000 1.000 1.000
2210.000 440.000 2.000 5.412 2.000 1.000 1.000
2340.000 400.000 1.000 5.418 1.000 1.000 1.000
2240.000 470.000 2.000 5.416 2.000 1.000 1.000
2320.000 440.000 1.000 5.422 1.000 1.000 1.000
2260.000 520.000 2.000 5.421 2.000 1.000 1.000
2300.000 460.000 1.000 5.426 1.000 1.000 1.000
2290.000 550.000 2.000 5.425 2.000 1.000 1.000
2270.000 500.000 1.000 5.431 1.000 1.000 1.000
2310.000 590.000 2.000 5.429 2.000 1.000 1.000
2250.000 540.000 1.000 5.435 1.000 1.000 1.000
2330.000 640.000 2.000 5.433 2.000 1.000 1.000
2220.000 600.000 1.000 5.439 1.000 1.000 1.000
2360.000 670.000 2.000 5.437 2.000 1.000 1.000
2210.000 650.000 1.000 5.443 1.000 1.000 1.000
2380.000 710.000 2.000 5.441 2.000 1.000 1.000
2410.000 750.000 2.000 5.445 2.000 1.000 1.000
2190.000 680.000 1.000 5.447 1.000 1.000 1.000
2440.000 790.000 2.000 5.450 2.000 1.000 1.000
2160.000 730.000 1.000 5.451 1.000 1.000 1.000
2450.000 840.000 2.000 5.454 2.000 1.000 1.000
2140.000 770.000 1.000 5.456 1.000 1.000 1.000
2470.000 890.000 2.000 5.458 2.000 1.000 1.000
2120.000 810.000 1.000 5.460 1.000 1.000 1.000
2500.000 940.000 2.000 5.462 2.000 1.000 1.000
2100.000 860.000 1.000 5.464 1.000 1.000 1.000
2530.000 980.000 2.000 5.466 2.000 1.000 1.000
2070.000 900.000 1.000 5.468 1.000 1.000 1.000
2550.000 1030.000 2.000 5.470 2.000 1.000 1.000
2050.000 950.000 1.000 5.472 1.000 1.000 1.000
2030.000 1000.000 1.000 5.476 1.000 1.000 1.000
2570.000 1070.000 2.000 5.475 2.000 1.000 1.000
2000.000 1050.000 1.000 5.480 1.000 1.000 1.000
1980.000 1090.000 1.000 5.490 1.000 1.000 1.000
2620.000 1170.000 2.000 5.488 2.000 1.000 1.000
1950.000 1140.000 1.000 5.491 1.000 1.000 1.000
2640.000 1220.000 2.000 5.490 2.000 1.000 1.000
1930.000 1200.000 1.000 5.493 1.000 1.000 1.000
2670.000 1270.000 2.000 5.491 2.000 1.000 1.000
1910.000 1240.000 1.000 5.497 1.000 1.000 1.000
2690.000 1310.000 2.000 5.495 2.000 1.000 1.000
1890.000 1300.000 1.000 5.501 1.000 1.000 1.000
2710.000 1370.000 2.000 5.499 2.000 1.000 1.000
1860.000 1350.000 1.000 5.505 1.000 1.000 1.000
2730.000 1420.000 2.000 5.504 2.000 1.000 1.000
2760.000 1470.000 2.000 5.508 2.000 1.000 1.000
1840.000 1400.000 1.000 5.510 1.000 1.000 1.000
2780.000 1530.000 2.000 5.512 2.000 1.000 1.000
1820.000 1460.000 1.000 5.514 1.000 1.000 1.000
2800.000 1580.000 2.000 5.516 2.000 1.000 1.000
1790.000 1510.000 1.000 5.518 1.000 1.000 1.000
2820.000 1630.000 2.000 5.520 2.000 1.000 1.000
1770.000 1560.000 1.000 5.522 1.000 1.000 1.000
2840.000 1680.000 2.000 5.524 2.000 1.000 1.000
1750.000 1610.000 1.000 5.526 1.000 1.000 1.000
2860.000 1740.000 2.000 5.529 2.000 1.000 1.000
1720.000 1680.000 1.000 5.530 1.000 1.000 1.000
2880.000 1800.000 2.000 5.533 2.000 1.000 1.000
1700.000 1730.000 1.000 5.534 1.000 1.000 1.000
2910.000 1860.000 2.000 5.537 2.000 1.000 1.000
1670.000 1790.000 1.000 5.539 1.000 1.000 1.000
2930.000 1910.000 2.000 5.541 2.000 1.000 1.000
1650.000 1840.000 1.000 5.543 1.000 1.000 1.000
2950.000 1970.000 2.000 5.545 2.000 1.000 1.000
1620.000 1900.000 1.000 5.547 1.000 1.000 1.000
2970.000 2030.000 2.000 5.549 2.000 1.000 1.000
1610.000 1960.000 1.000 5.551 1.000 1.000 1.000
2990.000 2090.000 2.000 5.554 2.000 1.000 1.000
1590.000 2020.000 1.000 5.555 1.000 1.000 1.000
1560.000 2080.000 1.000 5.559 1.000 1.000 1.000
3010.000 2140.000 2.000 5.558 2.000 1.000 1.000
1540.000 2140.000 1.000 5.564 1.000 1.000 1.000
3030.000 2200.000 2.000 5.562 2.000 1.000 1.000
1510.000 2210.000 1.000 5.568 1.000 1.000 1.000
3050.000 2260.000 2.000 5.566 2.000 1.000 1.000
1490.000 2270.000 1.000 5.572 1.000 1.000 1.000
3070.000 2320.000 2.000 5.570 2.000 1.000 1.000
1460.000 2340.000 1.000 5.576 1.000 1.000 1.000
3090.000 2390.000 2.000 5.574 2.000 1.000 1.000
1440.000 2390.000 1.000 5.580 1.000 1.000 1.000
3100.000 2450.000 2.000 5.578 2.000 1.000 1.000
1420.000 2460.000 1.000 5.584 1.000 1.000 1.000
3130.000 2520.000 2.000 5.583 2.000 1.000 1.000
1390.000 2520.000 1.000 5.589 1.000 1.000 1.000
3150.000 2590.000 2.000 5.587 2.000 1.000 1.000
3170.000 2580.000 2.000 5.591 2.000 1.000 1.000
1350.000 2520.000 1.000 5.593 1.000 1.000 1.000
3190.000 2570.000 2.000 5.595 2.000 1.000 1.000
1320.000 2500.000 1.000 5.597 1.000 1.000 1.000
3210.000 2550.000 2.000 5.599 2.000 1.000 1.000
1280.000 2490.000 1.000 5.601 1.000 1.000 1.000
3230.000 2550.000 2.000 5.603 2.000 1.000 1.000
1250.000 2480.000 1.000 5.605 1.000 1.000 1.000
1210.000 2460.000 1.000 5.609 1.000 1.000 1.000
3250.000 2530.000 2.000 5.608 2.000 1.000 1.000
1180.000 2450.000 1.000 5.613 1.000 1.000 1.000
3270.000 2520.000 2.000 5.612 2.000 1.000 1.000
1130.000 2440.000 1.000 5.618 1.000 1.000 1.000
3290.000 2510.000 2.000 5.616 2.000 1.000 1.000
1110.000 2440.000 1.000 5.622 1.000 1.000 1.000
3310.000 2500.000 2.000 5.620 2.000 1.000 1.000
1070.000 2420.000 1.000 5.626 1.000 1.000 1.000
3330.000 2490.000 2.000 5.624 2.000 1.000 1.000
1030.000 2410.000 1.000 5.630 1.000 1.000 1.000
3360.000 2480.000 2.000 5.628 2.000 1.000 1.000
3380.000 2470.000 2.000 5.632 2.000 1.000 1.000
990.000 2400.000 1.000 5.634 1.000 1.000 1.000
960.000 2380.000 1.000 5.638 1.000 1.000 1.000
3400.000 2460.000 2.000 5.637 2.000 1.000 1.000
920.000 2380.000 1.000 5.643 1.000 1.000 1.000
3420.000 2450.000 2.000 5.641 2.000 1.000 1.000
880.000 2370.000 1.000 5.647 1.000 1.000 1.000
3440.000 2450.000 2.000 5.645 2.000 1.000 1.000
3460.000 2440.000 2.000 5.649 2.000 1.000 1.000
850.000 2360.000 1.000 5.651 1.000 1.000 1.000
3480.000 2440.000 2.000 5.653 2.000 1.000 1.000
810.000 2360.000 1.000 5.655 1.000 1.000 1.000
3500.000 2420.000 2.000 5.657 2.000 1.000 1.000
770.000 2350.000 1.000 5.659 1.000 1.000 1.000
740.000 2350.000 1.000 5.663 1.000 1.000 1.000
3520.000 2430.000 2.000 5.662 2.000 1.000 1.000
700.000 2340.000 1.000 5.667 1.000 1.000 1.000
3540.000 2410.000 2.000 5.666 2.000 1.000 1.000
3560.000 2410.000 2.000 5.670 2.000 1.000 1.000
660.000 2340.000 1.000 5.672 1.000 1.000 1.000
3580.000 2410.000 2.000 5.674 2.000 1.000 1.000
620.000 2330.000 1.000 5.676 1.000 1.000 1.000
3600.000 2410.000 2.000 5.678 2.000 1.000 1.000
590.000 2330.000 1.000 5.680 1.000 1.000 1.000
550.000 2330.000 1.000 5.684 1.000 1.000 1.000
3620.000 2410.000 2.000 5.682 2.000 1.000 1.000
510.000 2320.000 1.000 5.688 1.000 1.000 1.000
3640.000 2400.000 2.000 5.686 2.000 1.000 1.000
3660.000 2400.000 2.000 5.691 2.000 1.000 1.000
470.000 2320.000 1.000 5.692 1.000 1.000 1.000
3680.000 2400.000 2.000 5.695 2.000 1.000 1.000
430.000 2310.000 1.000 5.697 1.000 1.000 1.000
3700.000 2400.000 2.000 5.699 2.000 1.000 1.000
390.000 2320.000 1.000 5.701 1.000 1.000 1.000
360.000 2320.000 1.000 5.705 1.000 1.000 1.000
3720.000 2400.000 2.000 5.703 2.000 1.000 1.000
320.000 2310.000 1.000 5.709 1.000 1.000 1.000
3740.000 2400.000 2.000 5.707 2.000 1.000 1.000
3760.000 2410.000 2.000 5.711 2.000 1.000 1.000
280.000 2320.000 1.000 5.713 1.000 1.000 1.000
3780.000 2400.000 2.000 5.716 2.000 1.000 1.000
240.000 2320.000 1.000 5.717 1.000 1.000 1.000
200.000 2320.000 1.000 5.721 1.000 1.000 1.000
3800.000 2410.000 2.000 5.720 2.000 1.000 1.000
180.000 2320.000 1.000 5.726 1.000 1.000 1.000
3820.000 2410.000 2.000 5.724 2.000 1.000 1.000
140.000 2320.000 1.000 5.730 1.000 1.000 1.000
3840.000 2420.000 2.000 5.728 2.000 1.000 1.000
90.000 2330.000 1.000 5.734 1.000 1.000 1.000
70.000 2330.000 1.000 5.744 1.000 1.000 1.000
30.000 2340.000 1.000 5.755 1.000 1.000 1.000
10.000 2340.000 1.000 5.765 1.000 1.000 1.000
0.000 2340.000 1.000 5.776 1.000 1.000 1.000
0.000 2340.000 1.000 5.776 1.000 1.000 1.000
