2337.546 853.175 -410.711 48.885 -211.612 -276.912 2.000
2326.648 856.888 -414.533 48.890 -1110.649 108.213 2.000
2324.631 856.038 -416.739 48.895 -380.163 -239.206 2.000
2333.590 850.073 -411.322 48.900 -296.009 -149.325 2.000
2331.393 849.528 -411.709 48.905 -49.088 -271.529 2.000
2329.076 849.052 -411.329 48.910 279.047 -375.505 2.000
2325.404 849.070 -411.950 48.915 645.575 -543.249 2.000
2327.797 846.402 -415.600 48.920 -239.032 -228.860 2.000
2325.215 845.952 -416.895 48.925 61.685 -381.775 2.000
2323.404 845.559 -417.405 48.930 346.158 -532.571 2.000
2323.848 843.644 -413.288 48.935 -1209.165 303.975 2.000
2321.663 843.186 -412.107 48.940 -777.847 137.281 2.000
2318.505 843.106 -411.936 48.945 -503.558 -25.664 2.000
2310.152 845.475 -411.398 48.950 -1420.657 392.254 2.000
2310.645 844.195 -423.451 48.955 -1144.828 236.369 2.000
2301.717 846.341 -417.746 48.961 -1610.956 356.413 2.000
2299.157 845.829 -418.317 48.966 -896.789 46.233 2.000
2295.090 846.081 -415.450 48.971 739.285 -560.192 2.000
2289.859 847.196 -415.526 48.976 1345.559 -859.964 2.000
2300.014 841.208 -411.432 48.981 501.941 -442.204 2.000
2294.956 841.581 -410.800 48.986 917.099 -644.873 2.000
2290.193 842.330 -409.130 48.991 1293.443 -843.629 2.000
2295.985 838.448 -411.109 48.996 243.396 -491.270 2.000
2305.635 832.476 -409.592 49.001 -907.676 64.087 2.000
2293.199 836.660 -407.124 49.006 -1005.726 258.924 2.000
2291.493 836.246 -404.285 49.011 -587.571 70.795 2.000
2287.931 836.058 -402.507 49.016 -370.976 -69.400 2.000
2285.195 835.634 -399.656 49.021 -138.973 -188.198 2.000
2280.726 835.669 -397.123 49.026 194.183 -314.505 2.000
