1408.426 695.210 -453.297 102.171 4116.410 522.165 -2545.678
1429.763 698.308 -439.836 102.176 4170.461 569.745 2.000
1429.763 698.308 -439.836 102.176 4170.461 569.745 -2587.529
1450.620 701.249 -426.916 102.181 4199.365 582.195 2.000
1450.620 701.249 -426.916 102.181 4199.365 582.195 -2652.413
1471.848 704.093 -413.658 102.186 4196.418 568.533 2.000
1471.848 704.093 -413.658 102.186 4196.418 568.533 -2706.931
1492.889 706.641 -400.090 102.191 4237.873 613.009 2.000
1492.889 706.641 -400.090 102.191 4237.873 613.009 -2774.471
1530.959 712.027 -374.870 102.200 4362.771 700.735 2.000
1530.959 712.027 -374.870 102.200 4362.771 700.735 -2887.714
1552.304 715.455 -360.845 102.205 4271.291 604.708 2.000
1552.304 715.455 -360.845 102.205 4271.291 604.708 -3005.189
1574.361 718.907 -345.287 102.210 4217.963 566.405 2.000
1574.361 718.907 -345.287 102.210 4217.963 566.405 -2963.719
1595.208 721.936 -330.682 102.215 4184.460 579.435 2.000
1595.208 721.936 -330.682 102.215 4184.460 579.435 -2975.759
1616.968 725.116 -315.397 102.220 4229.961 608.379 2.000
1616.968 725.116 -315.397 102.220 4229.961 608.379 -3037.130
1638.222 727.817 -300.023 102.225 4270.308 640.066 2.000
1638.222 727.817 -300.023 102.225 4270.308 640.066 -3108.255
1659.681 730.997 -284.488 102.230 4293.637 629.455 2.000
1659.681 730.997 -284.488 102.230 4293.637 629.455 -3197.439
1680.922 734.201 -268.635 102.235 4246.077 614.316 2.000
1680.922 734.201 -268.635 102.235 4246.077 614.316 -3230.691
1701.571 737.094 -252.933 102.240 4191.317 629.474 2.000
1701.571 737.094 -252.933 102.240 4191.317 629.474 -3258.667
1722.806 740.362 -236.454 102.245 4166.003 615.813 2.000
1722.806 740.362 -236.454 102.245 4166.003 615.813 -3251.764
1743.651 743.470 -220.084 102.250 4145.371 614.982 2.000
1743.651 743.470 -220.084 102.250 4145.371 614.982 -3292.554
1764.627 746.613 -203.829 102.255 4093.745 584.998 2.000
1764.627 746.613 -203.829 102.255 4093.745 584.998 -3319.035
1785.997 749.374 -186.863 102.260 4026.584 559.502 2.000
1785.997 749.374 -186.863 102.260 4026.584 559.502 -3303.312
1806.053 752.070 -170.128 102.265 4013.525 565.479 2.000
1806.053 752.070 -170.128 102.265 4013.525 565.479 -3357.400
1826.677 755.136 -152.869 102.270 4059.586 557.198 2.000
1826.677 755.136 -152.869 102.270 4059.586 557.198 -3466.790
1846.625 758.265 -135.980 102.275 4164.716 588.523 2.000
1846.625 758.265 -135.980 102.275 4164.716 588.523 -3592.852
1867.511 760.881 -119.100 102.280 4221.612 559.693 2.000
1867.511 760.881 -119.100 102.280 4221.612 559.693 -3411.139
1887.796 764.452 -103.908 102.285 4131.490 647.020 2.000
1887.796 764.452 -103.908 102.285 4131.490 647.020 -3189.071
1907.093 766.794 -93.617 102.290 3884.989 624.198 2.000
1907.093 766.794 -93.617 102.290 3884.989 624.198 -2271.094
1925.567 768.799 -86.217 102.295 3631.967 553.627 2.000
1925.567 768.799 -86.217 102.295 3631.967 553.627 -1112.030
1942.996 770.536 -80.513 102.300 3219.095 449.639 2.000
1942.996 770.536 -80.513 102.300 3219.095 449.639 176.697
1960.000 772.625 -77.707 102.305 2900.550 360.539 2.000
1960.000 772.625 -77.707 102.305 2900.550 360.539 1452.436
1976.903 774.589 -79.082 102.310 2576.454 296.079 2.000
1976.903 774.589 -79.082 102.310 2576.454 296.079 2470.064
1990.598 777.065 -89.139 102.315 2467.647 132.848 2.000
1990.598 777.065 -89.139 102.315 2467.647 132.848 2872.537
2003.143 777.443 -102.495 102.320 2363.822 219.808 2.000
2003.143 777.443 -102.495 102.320 2363.822 219.808 3067.123
2015.527 778.595 -117.762 102.325 2327.705 158.235 2.000
2015.527 778.595 -117.762 102.325 2327.705 158.235 3109.701
2026.907 779.029 -133.863 102.330 2299.138 154.531 2.000
2026.907 779.029 -133.863 102.330 2299.138 154.531 3067.218
2038.643 779.873 -148.560 102.335 2273.156 180.504 2.000
2038.643 779.873 -148.560 102.335 2273.156 180.504 3027.843
2049.942 780.876 -163.442 102.341 2355.028 168.170 2.000
2049.942 780.876 -163.442 102.341 2355.028 168.170 2952.436
2062.261 782.141 -178.632 102.346 2282.776 149.961 2.000
2062.261 782.141 -178.632 102.346 2282.776 149.961 2777.456
2073.396 782.770 -192.809 102.351 2266.666 155.428 2.000
2073.396 782.770 -192.809 102.351 2266.666 155.428 2778.893
2084.293 783.326 -207.305 102.356 2300.202 165.328 2.000
2084.293 783.326 -207.305 102.356 2300.202 165.328 2742.521
2096.113 784.083 -221.207 102.361 2265.590 155.738 2.000
2096.113 784.083 -221.207 102.361 2265.590 155.738 2626.674
2107.833 784.968 -234.091 102.366 2250.104 191.626 2.000
2107.833 784.968 -234.091 102.366 2250.104 191.626 2542.130
2119.232 785.945 -247.069 102.371 2322.829 188.431 2.000
2119.232 785.945 -247.069 102.371 2322.829 188.431 2455.357
2131.040 787.159 -259.328 102.376 2299.567 171.722 2.000
2131.040 787.159 -259.328 102.376 2299.567 171.722 2442.864
2142.592 787.743 -271.848 102.381 2262.743 156.451 2.000
2142.592 787.743 -271.848 102.381 2262.743 156.451 2373.384
2153.765 788.636 -283.998 102.386 2361.955 140.507 2.000
2153.765 788.636 -283.998 102.386 2361.955 140.507 2289.431
2165.582 789.243 -295.802 102.391 2466.095 193.571 2.000
2165.582 789.243 -295.802 102.391 2466.095 193.571 2271.643
2177.899 790.321 -307.543 102.396 2445.745 188.220 2.000
2177.899 790.321 -307.543 102.396 2445.745 188.220 2197.781
2189.757 791.063 -318.079 102.401 2384.151 163.785 2.000
2189.757 791.063 -318.079 102.401 2384.151 163.785 2125.367
2201.239 792.078 -328.740 102.406 2301.219 135.876 2.000
2201.239 792.078 -328.740 102.406 2301.219 135.876 2072.416
2213.008 792.584 -339.765 102.411 2266.212 138.001 2.000
2213.008 792.584 -339.765 102.411 2266.212 138.001 2038.487
2224.116 793.335 -350.325 102.416 2224.133 149.987 2.000
2224.116 793.335 -350.325 102.416 2224.133 149.987 1986.188
2235.579 793.890 -360.514 102.421 2144.903 184.791 2.000
2235.579 793.890 -360.514 102.421 2144.903 184.791 2015.176
2246.866 795.220 -369.950 102.426 2150.262 177.872 2.000
2246.866 795.220 -369.950 102.426 2150.262 177.872 2050.772
2257.937 795.985 -380.112 102.431 2087.610 189.111 2.000
2257.937 795.985 -380.112 102.431 2087.610 189.111 1955.728
2268.499 797.177 -389.720 102.436 2067.995 205.354 2.000
2268.499 797.177 -389.720 102.436 2067.995 205.354 1872.790
2278.410 797.504 -398.519 102.441 2128.646 189.305 2.000
2278.410 797.504 -398.519 102.441 2128.646 189.305 1793.391
2289.671 798.624 -407.752 102.446 2242.224 177.884 2.000
2289.671 798.624 -407.752 102.446 2242.224 177.884 1612.401
2301.109 799.652 -416.593 102.451 2258.341 195.478 2.000
2301.109 799.652 -416.593 102.451 2258.341 195.478 1482.028
2311.860 800.862 -424.561 102.456 2329.954 166.298 2.000
2311.860 800.862 -424.561 102.456 2329.954 166.298 1419.733
2323.347 801.604 -431.690 102.461 2324.495 160.302 2.000
2323.347 801.604 -431.690 102.461 2324.495 160.302 1435.676
2334.517 802.670 -439.308 102.466 2283.402 167.604 2.000
2334.517 802.670 -439.308 102.466 2283.402 167.604 1369.609
2345.791 803.451 -446.228 102.471 2223.700 157.575 2.000
2345.791 803.451 -446.228 102.471 2223.700 157.575 1413.858
2356.732 804.356 -453.416 102.476 2204.242 205.945 2.000
2356.732 804.356 -453.416 102.476 2204.242 205.945 1401.933
2367.776 804.871 -460.548 102.481 2026.861 246.392 2.000
2367.776 804.871 -460.548 102.481 2026.861 246.392 1481.070
2379.098 806.415 -467.575 102.486 1917.566 221.741 2.000
2379.098 806.415 -467.575 102.486 1917.566 221.741 1450.201
2389.186 807.577 -474.487 102.491 2059.276 212.890 2.000
2389.186 807.577 -474.487 102.491 2059.276 212.890 1309.515
2399.181 808.543 -480.808 102.496 2108.511 239.324 2.000
2399.181 808.543 -480.808 102.496 2108.511 239.324 1282.296
2410.728 809.601 -486.940 102.501 2194.015 225.818 2.000
2410.728 809.601 -486.940 102.501 2194.015 225.818 1168.193
2421.409 810.635 -492.787 102.506 2315.933 194.177 2.000
2421.409 810.635 -492.787 102.506 2315.933 194.177 1027.093
2432.214 811.700 -498.068 102.511 2289.626 200.552 2.000
2432.214 811.700 -498.068 102.511 2289.626 200.552 867.261
2443.019 812.747 -502.970 102.516 2329.737 138.778 2.000
2443.019 812.747 -502.970 102.516 2329.737 138.778 742.444
2453.600 813.158 -507.563 102.521 2286.853 92.831 2.000
2453.600 813.158 -507.563 102.521 2286.853 92.831 654.105
2465.770 813.855 -510.834 102.526 2128.129 80.639 2.000
2465.770 813.855 -510.834 102.526 2128.129 80.639 723.301
2476.916 814.471 -514.343 102.531 2063.175 49.995 2.000
2476.916 814.471 -514.343 102.531 2063.175 49.995 732.349
2488.190 814.598 -517.579 102.536 2055.709 76.888 2.000
2488.190 814.598 -517.579 102.536 2055.709 76.888 696.929
2498.209 815.107 -521.290 102.541 2028.671 86.430 2.000
2498.209 815.107 -521.290 102.541 2028.671 86.430 683.788
2508.262 815.797 -524.230 102.546 1983.613 88.029 2.000
2508.262 815.797 -524.230 102.546 1983.613 88.029 604.544
2517.842 816.050 -526.873 102.551 2054.452 72.313 2.000
2517.842 816.050 -526.873 102.551 2054.452 72.313 497.264
2528.723 816.166 -529.379 102.556 2028.464 79.626 2.000
2528.723 816.166 -529.379 102.556 2028.464 79.626 471.884
2538.774 816.626 -532.038 102.561 2092.254 76.409 2.000
2538.774 816.626 -532.038 102.561 2092.254 76.409 376.472
2549.508 817.034 -534.000 102.566 2138.917 98.244 2.000
2549.508 817.034 -534.000 102.566 2138.917 98.244 335.623
1217.395 464.859 -537.891 105.514 4787.323 -482.233 1.000
1241.767 462.544 -525.472 105.519 4648.421 -547.497 1.000
1265.155 459.860 -513.667 105.524 4643.758 -555.050 1.000
1287.774 457.326 -501.159 105.529 4505.480 -494.064 1.000
1311.607 454.619 -488.407 105.534 4495.438 -481.545 1.000
1334.300 452.133 -477.737 105.539 4437.326 -467.473 1.000
