1466.507 760.271 -77.037 50.511 -563.997 98.194 1.000
1463.725 760.712 -78.301 50.516 -550.016 95.144 1.000
1460.373 761.311 -79.264 50.521 -568.185 67.199 1.000
1457.715 761.712 -79.880 50.526 -584.425 53.279 1.000
1454.673 761.886 -80.682 50.531 -610.674 35.044 1.000
1451.617 762.248 -80.482 50.537 -625.813 40.088 1.000
1448.471 762.137 -80.515 50.542 -622.275 45.722 1.000
1445.698 762.497 -80.362 50.547 -637.171 50.167 1.000
1442.307 762.904 -79.291 50.552 -647.835 63.771 1.000
1439.054 763.202 -78.205 50.557 -664.946 49.121 1.000
1435.906 763.362 -77.214 50.562 -613.878 69.957 1.000
1432.782 763.786 -75.599 50.567 -617.792 62.147 1.000
1429.798 763.877 -74.209 50.572 -560.552 74.705 1.000
1426.900 764.325 -72.116 50.577 -563.648 57.593 1.000
1423.843 764.494 -69.806 50.582 -593.303 66.101 1.000
1420.735 764.918 -67.161 50.587 -554.938 47.251 1.000
1418.180 765.266 -64.739 50.592 -555.875 39.252 1.000
1415.140 765.510 -61.844 50.597 -544.589 39.269 1.000
1412.682 765.674 -59.888 50.602 -578.694 42.953 1.000
1409.802 765.829 -57.825 50.607 -540.218 36.255 1.000
1407.285 765.955 -56.718 50.612 -543.165 30.811 1.000
1403.884 766.164 -55.097 50.617 -568.336 25.860 1.000
1400.782 766.482 -55.259 50.622 -593.326 5.068 1.000
1398.037 766.446 -55.595 50.627 -647.591 14.882 1.000
1395.081 766.568 -57.334 50.632 -667.305 23.210 1.000
1391.651 766.879 -58.835 50.637 -673.571 48.328 1.000
1388.406 766.987 -61.442 50.642 -723.214 44.753 1.000
1385.205 767.095 -63.844 50.647 -712.958 38.118 1.000
1381.693 767.246 -66.285 50.652 -642.023 28.395 1.000
1378.092 767.619 -68.042 50.657 -628.166 24.395 1.000
1375.088 767.690 -70.037 50.662 -562.571 52.615 1.000
1372.087 767.882 -71.684 50.667 -577.039 31.554 1.000
1369.388 767.997 -73.070 50.672 -562.941 16.010 1.000
1366.402 768.330 -73.961 50.677 -519.450 26.845 1.000
1363.522 768.184 -74.908 50.682 -530.903 39.217 1.000
1360.991 768.495 -75.787 50.687 -573.847 54.727 1.000
1358.265 768.753 -76.105 50.692 -551.012 64.746 1.000
1355.320 769.247 -76.255 50.697 -563.393 67.774 1.000
1352.301 769.513 -76.082 50.702 -579.652 57.798 1.000
1349.628 769.586 -75.732 50.707 -574.267 80.828 1.000
1346.664 769.960 -75.351 50.712 -620.104 74.714 1.000
1343.784 770.393 -74.539 50.717 -584.826 52.246 1.000
1340.528 770.559 -73.706 50.722 -595.852 62.361 1.000
1337.636 770.998 -72.524 50.727 -627.728 10.723 1.000
1334.591 771.001 -71.016 50.732 -630.848 29.569 1.000
1331.804 771.206 -69.267 50.737 -600.728 14.170 1.000
1328.421 771.260 -67.223 50.742 -575.949 1.538 1.000
1325.528 771.263 -64.917 50.747 -626.943 -4.474 1.000
1322.185 771.477 -62.188 50.753 -602.570 16.484 1.000
1319.543 771.619 -60.150 50.757 -603.733 39.565 1.000
1316.230 771.735 -57.943 50.763 -530.969 55.666 1.000
1313.696 771.828 -56.558 50.768 -548.313 35.556 1.000
1310.799 772.308 -55.272 50.773 -538.022 57.892 1.000
1307.946 772.486 -54.774 50.778 -588.149 62.143 1.000
1304.714 772.572 -54.858 50.783 -604.339 73.265 1.000
1301.677 772.964 -55.283 50.788 -590.832 48.359 1.000
1299.162 773.375 -56.878 50.793 -596.467 19.831 1.000
1296.175 773.497 -59.295 50.798 -665.180 24.240 1.000
1292.999 773.541 -61.438 50.803 -662.065 33.870 1.000
1289.797 773.703 -63.436 50.808 -650.756 18.675 1.000
1286.554 773.839 -65.446 50.813 -618.202 24.426 1.000
1283.171 774.157 -66.734 50.818 -550.665 48.717 1.000
1280.394 774.276 -68.472 50.823 -598.933 45.833 1.000
1277.709 774.411 -69.836 50.828 -595.419 38.506 1.000
1274.489 774.610 -70.596 50.833 -618.938 33.403 1.000
1271.290 774.864 -70.927 50.838 -594.023 20.769 1.000
1268.391 774.860 -71.302 50.843 -600.764 54.856 1.000
1265.691 775.277 -71.570 50.848 -591.483 47.014 1.000
1262.709 775.432 -71.678 50.853 -600.606 33.876 1.000
1259.942 775.636 -71.167 50.858 -551.935 15.700 1.000
1256.718 775.552 -70.725 50.863 -566.810 35.918 1.000
1254.156 775.725 -70.130 50.868 -560.739 29.229 1.000
1250.943 775.964 -68.799 50.873 -558.016 23.219 1.000
1248.219 775.983 -67.979 50.878 -560.553 27.591 1.000
1245.653 776.230 -66.966 50.883 -577.218 16.578 1.000
1242.640 776.442 -65.223 50.888 -584.593 11.350 1.000
1239.947 776.358 -63.787 50.893 -545.610 37.395 1.000
1237.204 776.583 -61.904 50.898 -575.944 39.526 1.000
1233.885 776.670 -59.738 50.903 -552.430 12.821 1.000
1231.585 776.793 -58.210 50.908 -545.932 19.069 1.000
1228.516 777.055 -56.319 50.913 -570.641 10.644 1.000
1225.488 777.018 -55.243 50.918 -600.484 18.963 1.000
1222.652 777.216 -54.635 50.923 -618.955 29.990 1.000
1219.670 777.371 -53.990 50.928 -599.260 31.834 1.000
1217.109 777.466 -54.493 50.933 -585.864 35.454 1.000
1214.096 777.540 -55.051 50.938 -502.102 35.981 1.000
1211.198 777.599 -56.710 50.943 -554.447 47.166 1.000
1208.295 777.878 -58.937 50.948 -537.356 46.877 1.000
1205.331 778.307 -61.059 50.953 -546.181 4.342 1.000
1202.508 778.264 -62.697 50.958 -506.812 18.365 1.000
1200.030 778.554 -64.555 50.963 -560.979 49.582 1.000
1197.369 778.683 -65.979 50.968 -601.935 45.264 1.000
1194.725 778.800 -67.244 50.973 -585.917 39.425 1.000
1191.373 778.972 -68.109 50.978 -628.933 35.694 1.000
1188.061 779.248 -68.502 50.983 -586.443 21.980 1.000
1184.960 779.232 -69.035 50.988 -608.222 55.804 1.000
1182.254 779.660 -69.268 50.993 -616.112 47.978 1.000
1179.352 779.854 -69.155 50.998 -644.569 35.132 1.000
1176.321 780.070 -68.860 51.004 -570.834 16.371 1.000
1173.248 779.956 -68.042 51.009 -588.980 39.877 1.000
1170.181 780.278 -67.448 51.014 -608.991 63.059 1.000
1166.779 780.576 -66.241 51.019 -596.452 43.632 1.000
1163.760 780.706 -64.983 51.024 -605.370 75.281 1.000
1161.115 781.203 -63.218 51.029 -615.609 63.536 1.000
1158.108 781.451 -61.349 51.034 -605.471 40.021 1.000
1154.912 781.449 -58.948 51.039 -645.071 54.291 1.000
1152.006 781.686 -57.060 51.044 -659.270 40.237 1.000
1148.452 781.955 -55.123 51.049 -600.221 15.173 1.000
1145.591 782.202 -53.716 51.054 -565.201 -7.458 1.000
1142.799 782.137 -52.948 51.059 -569.470 -32.216 1.000
1139.879 782.139 -53.077 51.064 -568.233 14.175 1.000
1137.338 782.457 -52.836 51.069 -537.459 20.898 1.000
1134.140 782.320 -53.341 51.074 -547.471 39.506 1.000
1131.169 782.448 -54.416 51.079 -531.702 29.030 1.000
1128.653 782.690 -56.669 51.084 -589.851 54.317 1.000
1125.993 782.935 -58.965 51.089 -598.432 67.995 1.000
1123.322 783.124 -60.411 51.094 -582.639 68.344 1.000
1120.255 783.340 -61.711 51.099 -574.115 28.728 1.000
1117.325 783.525 -62.989 51.104 -579.953 21.397 1.000
1114.675 783.682 -63.702 51.109 -485.085 -7.132 1.000
1111.653 783.577 -64.332 51.114 -490.862 7.782 1.000
1109.219 783.750 -65.108 51.119 -499.358 -6.541 1.000
1106.534 784.093 -65.303 51.124 -502.487 7.138 1.000
1104.160 783.978 -65.660 51.129 -535.889 33.923 1.000
1101.516 783.944 -65.422 51.134 -597.214 61.723 1.000
1098.486 784.215 -64.646 51.139 -573.440 72.123 1.000
1095.739 784.381 -64.286 51.144 -628.432 62.341 1.000
1092.866 784.420 -63.170 51.149 -649.491 21.540 1.000
1089.365 784.670 -61.682 51.154 -598.360 11.298 1.000
1086.883 784.865 -60.565 51.159 -561.566 3.042 1.000
1083.674 785.106 -58.486 51.164 -541.519 3.373 1.000
1080.894 785.083 -56.945 51.169 -572.581 -0.502 1.000
1078.001 785.124 -55.076 51.174 -537.092 20.019 1.000
1075.367 785.289 -53.930 51.179 -520.289 17.025 1.000
1072.424 785.306 -53.134 51.184 -529.834 79.841 1.000
1069.800 785.551 -52.546 51.189 -559.259 102.992 1.000
1067.100 786.056 -52.369 51.194 -603.687 57.592 1.000
1064.426 786.243 -52.979 51.199 -622.272 40.595 1.000
1061.064 786.701 -54.060 51.204 -616.974 36.091 1.000
1057.926 786.832 -55.539 51.209 -596.603 50.082 1.000
1055.320 787.145 -57.451 51.214 -584.757 56.138 1.000
1052.354 787.309 -58.988 51.219 -600.384 25.764 1.000
1049.380 787.523 -60.205 51.224 -533.348 -9.193 1.000
1046.520 787.532 -61.513 51.230 -536.228 25.209 1.000
1043.564 787.429 -61.991 51.235 -544.633 30.609 1.000
1040.902 787.559 -62.475 51.240 -516.408 20.986 1.000
1038.368 787.816 -62.744 51.245 -542.418 21.422 1.000
1035.321 787.948 -62.770 51.250 -578.796 -12.150 1.000
1032.799 787.842 -62.595 51.255 -579.576 2.060 1.000
1029.350 787.745 -62.149 51.260 -632.910 27.507 1.000
1026.706 787.963 -61.448 51.265 -655.216 21.693 1.000
1023.671 788.208 -60.583 51.270 -551.177 8.888 1.000
1021.051 788.186 -59.256 51.275 -582.596 30.492 1.000
1018.074 788.161 -57.675 51.280 -544.568 33.527 1.000
1015.490 788.401 -56.246 51.285 -523.853 37.789 1.000
1011.926 788.615 -54.550 51.290 -524.606 37.179 1.000
1009.353 788.766 -53.429 51.295 -575.108 37.877 1.000
1006.152 788.959 -52.741 51.300 -550.578 33.652 1.000
1004.033 788.988 -51.975 51.305 -653.366 6.637 1.000
1000.902 788.957 -51.870 51.310 -631.364 -19.259 1.000
997.724 789.158 -51.631 51.315 -612.759 -61.464 1.000
994.732 788.869 -52.611 51.320 -579.871 -36.325 1.000
991.939 788.988 -53.412 51.325 -572.639 -13.479 1.000
988.688 789.075 -54.558 51.330 -480.839 5.028 1.000
986.509 789.080 -56.447 51.335 -453.506 29.025 1.000
983.718 789.107 -57.874 51.340 -499.663 57.126 1.000
981.579 789.242 -58.766 51.345 -516.855 75.980 1.000
978.841 789.318 -59.654 51.350 -474.503 83.371 1.000
976.587 789.787 -60.256 51.355 -487.287 73.649 1.000
973.767 790.178 -60.563 51.360 -562.029 59.285 1.000
971.098 790.609 -60.469 51.365 -558.543 31.124 1.000
968.671 790.742 -61.018 51.370 -561.357 30.779 1.000
965.847 790.777 -60.991 51.375 -559.151 1.512 1.000
962.829 790.897 -60.901 51.380 -512.607 -34.278 1.000
960.227 790.641 -61.202 51.385 -474.698 -37.122 1.000
958.164 790.579 -61.795 51.390 -500.424 -36.555 1.000
955.936 790.468 -62.536 51.395 -438.746 -46.406 1.000
952.968 790.200 -63.104 51.400 -385.821 -74.558 1.000
951.318 789.875 -64.151 51.405 -410.355 -82.225 1.000
949.073 789.392 -65.341 51.410 -432.868 -101.031 1.000
946.584 788.962 -65.979 51.415 -453.417 -65.708 1.000
944.345 788.599 -66.627 51.420 -482.444 -42.585 1.000
941.779 788.343 -67.017 51.425 -545.850 -74.844 1.000
939.508 788.032 -67.177 51.430 -570.984 -71.535 1.000
936.942 787.524 -66.829 51.435 -568.039 -81.419 1.000
934.112 786.990 -66.555 51.440 -514.784 -71.883 1.000
931.959 786.696 -66.051 51.445 -467.630 -74.664 1.000
929.040 786.240 -65.473 51.450 -426.855 -89.659 1.000
926.238 786.165 -64.877 51.455 -421.334 -89.705 1.000
924.052 785.852 -64.594 51.460 -462.241 -73.620 1.000
921.916 785.409 -64.472 51.465 -428.491 -38.437 1.000
919.803 785.076 -64.321 51.470 -504.025 -35.892 1.000
917.530 784.704 -64.132 51.475 -493.038 -20.082 1.000
915.295 784.486 -64.485 51.480 -515.512 -50.379 1.000
912.781 784.387 -64.278 51.485 -549.189 -33.818 1.000
909.846 784.266 -64.044 51.490 -531.595 -34.141 1.000
906.903 784.301 -63.667 51.495 -451.889 -36.328 1.000
905.050 784.291 -63.506 51.500 -447.523 -28.691 1.000
903.291 784.126 -63.507 51.506 -392.267 -2.906 1.000
900.980 783.746 -63.175 51.511 -360.457 2.917 1.000
899.249 783.650 -63.032 51.516 -350.576 -11.350 1.000
896.722 783.592 -62.541 51.521 -392.299 -12.382 1.000
894.338 783.759 -62.308 51.526 -356.426 -22.452 1.000
892.789 783.553 -62.351 51.531 -437.190 -29.430 1.000
890.800 783.548 -62.412 51.536 -458.537 -35.511 1.000
888.757 783.252 -62.159 51.541 -530.378 -48.979 1.000
886.606 782.940 -61.890 51.546 -509.200 -50.551 1.000
884.069 782.562 -61.694 51.551 -420.266 -39.066 1.000
881.762 782.371 -61.534 51.556 -410.775 -73.024 1.000
879.066 782.379 -61.121 51.561 -399.674 -73.127 1.000
876.962 781.938 -61.079 51.566 -425.288 -39.431 1.000
874.573 781.662 -61.002 51.571 -503.152 -63.345 1.000
872.244 781.352 -61.143 51.576 -530.543 -53.693 1.000
869.500 780.837 -60.894 51.581 -587.397 -56.687 1.000
867.633 780.699 -61.142 51.586 -552.810 -45.678 1.000
865.123 780.406 -61.233 51.591 -502.463 -55.378 1.000
862.551 780.255 -61.564 51.596 -424.257 -71.870 1.000
859.728 780.055 -61.205 51.601 -327.415 -89.043 1.000
858.266 779.669 -61.575 51.606 -294.471 -74.543 1.000
856.543 779.256 -62.231 51.611 -212.354 -45.849 1.000
855.169 778.902 -62.622 51.616 -248.420 -59.767 1.000
853.608 778.523 -63.192 51.621 -244.461 -59.730 1.000
852.726 778.602 -63.525 51.626 -352.170 -43.873 1.000
850.623 778.178 -63.348 51.631 -395.281 -24.158 1.000
848.752 777.942 -63.654 51.636 -409.072 -10.784 1.000
846.917 777.789 -63.984 51.641 -432.600 -19.512 1.000
844.701 777.637 -63.354 51.646 -502.310 -45.147 1.000
842.649 777.338 -62.955 51.651 -494.276 -54.087 1.000
840.005 777.199 -62.342 51.656 -462.399 -16.754 1.000
837.670 777.199 -61.672 51.661 -488.960 -33.565 1.000
835.125 777.199 -60.586 51.666 -443.095 -49.920 1.000
833.164 776.798 -59.797 51.671 -427.182 -46.925 1.000
830.711 776.269 -58.644 51.676 -399.314 -51.995 1.000
828.785 776.068 -57.494 51.681 -411.569 -56.534 1.000
826.238 775.805 -55.729 51.686 -442.647 -45.840 1.000
824.403 775.576 -54.923 51.691 -441.066 -88.824 1.000
821.893 775.549 -53.828 51.696 -434.071 -85.539 1.000
819.352 774.922 -52.925 51.701 -499.490 -63.813 1.000
817.058 774.505 -52.518 51.706 -528.502 -58.220 1.000
815.249 774.405 -52.574 51.711 -508.380 -32.986 1.000
812.568 774.125 -52.653 51.716 -488.583 -15.786 1.000
810.405 774.007 -53.191 51.721 -472.533 -23.106 1.000
802.152 772.217 -56.741 51.726 -1382.690 -316.048 1.000
793.054 769.439 -61.464 51.731 -2482.641 -704.902 1.000
782.904 767.244 -64.749 51.736 -3183.942 -951.692 1.000
768.985 762.772 -65.951 51.741 -3008.141 -925.052 1.000
757.588 758.682 -65.692 51.746 -3203.591 -1043.130 1.000
741.381 753.434 -65.960 51.751 -3855.080 -1309.422 1.000
725.298 746.894 -58.359 51.756 -3570.719 -1271.716 1.000
