1103.360 855.196 524.957 27.974 4476.547 192.204 -1881.850
1125.846 856.098 515.400 27.979 4456.529 192.943 2.000
1125.846 856.098 515.400 27.979 4456.529 192.943 -1912.931
1147.900 856.876 505.875 27.984 4415.030 163.680 2.000
1147.900 856.876 505.875 27.984 4415.030 163.680 -1904.078
1170.020 857.643 496.236 27.989 4399.072 137.432 2.000
1170.020 857.643 496.236 27.989 4399.072 137.432 -1980.113
1192.546 858.953 486.205 27.994 4411.225 180.012 2.000
1192.546 858.953 486.205 27.994 4411.225 180.012 -2053.791
1234.994 861.037 466.437 28.004 4324.893 227.663 2.000
1234.994 861.037 466.437 28.004 4324.893 227.663 -2047.835
1256.282 862.063 456.175 28.009 4377.698 234.498 2.000
1256.282 862.063 456.175 28.009 4377.698 234.498 -2133.578
1278.328 863.212 445.515 28.014 4392.901 251.250 2.000
1278.328 863.212 445.515 28.014 4392.901 251.250 -2153.699
1300.113 864.080 434.111 28.019 4362.709 241.740 2.000
1300.113 864.080 434.111 28.019 4362.709 241.740 -2234.251
1321.495 865.194 422.983 28.024 4278.023 250.568 2.000
1321.495 865.194 422.983 28.024 4278.023 250.568 -2269.749
1343.618 866.080 411.010 28.029 4256.521 144.291 2.000
1343.618 866.080 411.010 28.029 4256.521 144.291 -2376.762
1365.729 867.267 398.957 28.034 4272.722 66.459 2.000
1365.729 867.267 398.957 28.034 4272.722 66.459 -2469.476
1386.607 867.953 387.316 28.039 4256.630 114.804 2.000
1386.607 867.953 387.316 28.039 4256.630 114.804 -2524.666
1407.389 868.244 375.301 28.044 4115.345 83.711 2.000
1407.389 868.244 375.301 28.044 4115.345 83.711 -2472.675
1427.851 868.799 363.145 28.049 4047.411 122.393 2.000
1427.851 868.799 363.145 28.049 4047.411 122.393 -2444.717
1448.424 869.694 350.608 28.054 4057.197 120.185 2.000
1448.424 869.694 350.608 28.054 4057.197 120.185 -2422.905
1469.150 870.301 337.691 28.059 4044.005 162.239 2.000
1469.150 870.301 337.691 28.059 4044.005 162.239 -2450.450
1489.514 870.864 325.288 28.064 4024.754 147.984 2.000
1489.514 870.864 325.288 28.064 4024.754 147.984 -2491.529
1510.364 871.273 312.204 28.069 3929.291 197.894 2.000
1510.364 871.273 312.204 28.069 3929.291 197.894 -2475.042
1530.170 872.375 299.947 28.074 3941.692 138.181 2.000
1530.170 872.375 299.947 28.074 3941.692 138.181 -2561.281
1549.409 873.238 287.587 28.079 4070.917 106.457 2.000
1549.409 873.238 287.587 28.079 4070.917 106.457 -2690.097
1569.709 873.884 274.146 28.084 4054.243 104.802 2.000
1569.709 873.884 274.146 28.084 4054.243 104.802 -2726.625
1590.131 874.351 260.674 28.089 4133.410 159.381 2.000
1590.131 874.351 260.674 28.089 4133.410 159.381 -2766.909
1611.303 875.240 246.326 28.094 4108.684 80.197 2.000
1611.303 875.240 246.326 28.094 4108.684 80.197 -2800.484
1632.319 875.777 231.823 28.099 4150.226 136.191 2.000
1632.319 875.777 231.823 28.099 4150.226 136.191 -2841.715
1652.696 876.422 217.835 28.104 4178.106 174.946 2.000
1652.696 876.422 217.835 28.104 4178.106 174.946 -2926.612
1673.388 877.243 203.264 28.109 4194.911 153.299 2.000
1673.388 877.243 203.264 28.109 4194.911 153.299 -2993.736
1694.165 877.777 188.492 28.114 4147.222 160.905 2.000
1694.165 877.777 188.492 28.114 4147.222 160.905 -3024.912
1714.878 878.591 172.954 28.119 4086.857 173.990 2.000
1714.878 878.591 172.954 28.119 4086.857 173.990 -3072.030
1735.229 879.364 157.656 28.124 4020.389 145.294 2.000
1735.229 879.364 157.656 28.124 4020.389 145.294 -3082.865
1755.332 880.022 141.995 28.129 3954.736 112.807 2.000
1755.332 880.022 141.995 28.129 3954.736 112.807 -3144.128
1775.992 880.814 125.764 28.135 3946.924 160.917 2.000
1775.992 880.814 125.764 28.135 3946.924 160.917 -3200.025
1796.156 881.985 110.994 28.140 3940.554 148.301 2.000
1796.156 881.985 110.994 28.140 3940.554 148.301 -3081.297
1814.910 882.427 99.230 28.145 3843.721 140.372 2.000
1814.910 882.427 99.230 28.145 3843.721 140.372 -2452.936
1833.294 882.917 89.286 28.150 3592.643 153.209 2.000
1833.294 882.917 89.286 28.150 3592.643 153.209 -1451.678
1851.685 883.664 82.933 28.155 3361.750 364.491 2.000
1851.685 883.664 82.933 28.155 3361.750 364.491 -854.411
1867.470 884.537 80.178 28.160 3305.986 152.008 2.000
1867.470 884.537 80.178 28.160 3305.986 152.008 -257.676
1883.507 885.241 80.220 28.165 3038.203 123.904 2.000
1883.507 885.241 80.220 28.165 3038.203 123.904 905.218
1898.872 885.929 83.799 28.170 2692.816 97.033 2.000
1898.872 885.929 83.799 28.170 2692.816 97.033 1912.985
1913.611 886.566 90.354 28.175 2432.910 64.376 2.000
1913.611 886.566 90.354 28.175 2432.910 64.376 2623.380
1926.677 886.752 101.260 28.180 2369.511 63.132 2.000
1926.677 886.752 101.260 28.180 2369.511 63.132 2890.374
1938.393 886.997 115.823 28.185 2381.144 88.061 2.000
1938.393 886.997 115.823 28.185 2381.144 88.061 2813.289
1950.123 887.575 130.158 28.190 2397.999 61.337 2.000
1950.123 887.575 130.158 28.190 2397.999 61.337 2711.278
1962.263 887.984 143.613 28.195 2415.084 65.210 2.000
1962.263 887.984 143.613 28.195 2415.084 65.210 2723.445
1974.578 888.333 157.066 28.200 2447.020 50.884 2.000
1974.578 888.333 157.066 28.200 2447.020 50.884 2617.893
1986.797 888.686 170.347 28.205 2442.797 82.594 2.000
1986.797 888.686 170.347 28.205 2442.797 82.594 2585.239
1998.784 889.039 183.511 28.210 2480.324 98.203 2.000
1998.784 889.039 183.511 28.210 2480.324 98.203 2498.933
2010.727 889.396 195.947 28.215 2363.961 97.206 2.000
2010.727 889.396 195.947 28.215 2363.961 97.206 2487.657
2022.963 889.947 208.358 28.220 2334.118 110.674 2.000
2022.963 889.947 208.358 28.220 2334.118 110.674 2408.120
2034.754 890.517 220.634 28.225 2337.449 94.344 2.000
2034.754 890.517 220.634 28.225 2337.449 94.344 2327.627
2046.430 891.140 232.067 28.230 2329.738 108.973 2.000
2046.430 891.140 232.067 28.230 2329.738 108.973 2307.833
2058.328 891.654 243.615 28.235 2292.859 124.970 2.000
2058.328 891.654 243.615 28.235 2292.859 124.970 2266.502
2070.217 892.251 255.048 28.240 2284.402 131.971 2.000
2070.217 892.251 255.048 28.240 2284.402 131.971 2198.407
2081.868 892.901 266.402 28.245 2328.895 113.170 2.000
2081.868 892.901 266.402 28.245 2328.895 113.170 2125.981
2093.658 893.146 276.474 28.250 2399.372 84.928 2.000
2093.658 893.146 276.474 28.250 2399.372 84.928 2000.797
2104.977 893.599 286.781 28.255 2445.455 74.228 2.000
2104.977 893.599 286.781 28.255 2445.455 74.228 1938.413
2117.219 894.294 296.582 28.260 2309.623 68.871 2.000
2117.219 894.294 296.582 28.260 2309.623 68.871 1903.643
2128.816 894.690 306.477 28.265 2272.729 75.206 2.000
2128.816 894.690 306.477 28.265 2272.729 75.206 1859.263
2140.168 895.042 315.789 28.270 2265.268 72.927 2.000
2140.168 895.042 315.789 28.270 2265.268 72.927 1853.584
2151.538 895.494 325.235 28.275 2269.113 68.954 2.000
2151.538 895.494 325.235 28.275 2269.113 68.954 1821.459
2163.232 895.751 334.239 28.280 2219.767 77.442 2.000
2163.232 895.751 334.239 28.280 2219.767 77.442 1776.417
2174.692 895.962 342.906 28.285 2193.898 82.875 2.000
2174.692 895.962 342.906 28.285 2193.898 82.875 1728.342
2185.952 896.198 351.134 28.290 2197.174 80.235 2.000
2185.952 896.198 351.134 28.290 2197.174 80.235 1703.510
2196.496 896.800 360.046 28.295 2235.751 40.658 2.000
2196.496 896.800 360.046 28.295 2235.751 40.658 1556.053
2207.496 897.165 368.338 28.300 2270.409 15.805 2.000
2207.496 897.165 368.338 28.300 2270.409 15.805 1482.538
2219.065 897.463 375.257 28.305 2309.011 41.841 2.000
2219.065 897.463 375.257 28.305 2309.011 41.841 1447.882
2231.208 897.741 383.038 28.310 2335.431 63.187 2.000
2231.208 897.741 383.038 28.310 2335.431 63.187 1422.838
2242.891 898.062 390.108 28.315 2330.275 72.091 2.000
2242.891 898.062 390.108 28.315 2330.275 72.091 1352.170
2254.117 898.320 396.628 28.320 2320.245 79.318 2.000
2254.117 898.320 396.628 28.320 2320.245 79.318 1285.748
2265.634 898.768 402.840 28.325 2329.306 108.882 2.000
2265.634 898.768 402.840 28.325 2329.306 108.882 1182.831
2277.431 899.121 408.716 28.330 2357.006 95.599 2.000
2277.431 899.121 408.716 28.330 2357.006 95.599 1063.400
2289.073 899.693 414.176 28.335 2330.598 101.985 2.000
2289.073 899.693 414.176 28.335 2330.598 101.985 1031.622
2300.576 900.092 419.457 28.340 2296.753 91.642 2.000
2300.576 900.092 419.457 28.340 2296.753 91.642 1008.756
2312.563 900.438 424.622 28.345 2265.378 55.241 2.000
2312.563 900.438 424.622 28.345 2265.378 55.241 939.886
2324.029 900.626 429.883 28.350 2254.595 36.352 2.000
2324.029 900.626 429.883 28.350 2254.595 36.352 868.184
2334.294 900.783 434.679 28.355 2174.511 17.851 2.000
2334.294 900.783 434.679 28.355 2174.511 17.851 973.992
2345.433 900.982 439.099 28.360 2155.779 3.227 2.000
2345.433 900.982 439.099 28.360 2155.779 3.227 954.830
2356.908 901.359 443.256 28.365 2139.604 17.335 2.000
2356.908 901.359 443.256 28.365 2139.604 17.335 907.146
2367.960 901.305 447.608 28.371 2095.042 28.952 2.000
2367.960 901.305 447.608 28.371 2095.042 28.952 855.683
2378.657 901.572 451.710 28.376 2133.731 54.732 2.000
2378.657 901.572 451.710 28.376 2133.731 54.732 822.040
2389.520 901.721 455.227 28.381 2208.652 42.650 2.000
2389.520 901.721 455.227 28.381 2208.652 42.650 654.065
2399.449 902.550 458.384 28.386 2033.976 162.834 2.000
2399.449 902.550 458.384 28.386 2033.976 162.834 539.151
2409.410 903.167 461.432 28.391 2069.808 188.252 2.000
2409.410 903.167 461.432 28.391 2069.808 188.252 503.543
2419.478 903.798 464.745 28.396 2068.173 197.525 2.000
2419.478 903.798 464.745 28.396 2068.173 197.525 463.087
2430.376 904.996 467.137 28.401 2050.355 177.373 2.000
2430.376 904.996 467.137 28.401 2050.355 177.373 479.824
2561.721 909.085 477.109 28.459 2165.023 90.508 2.000
2561.721 909.085 477.109 28.459 2165.023 90.508 -143.078
2573.429 909.877 476.664 28.464 2023.472 32.981 2.000
2573.429 909.877 476.664 28.464 2023.472 32.981 -177.408
-8129.681 2904.300 336.571 28.469 291452.681 15173.312 2.000
-10620.005 -1723.720 3082.663 28.474 350570.833 583146.763 2.000
-3569.980 -554.905 2785.625 28.480 255083.685 -225355.293 2.000
146133.682 -934.576 -6191.999 28.485 -17480778.831 -5587938.325 2.000
-112639.515 -1226.046 50713.540 28.490 10320776.457 128602059.002 2.000
-219304.452 246800.442 -254293.327 28.495 -378282927.034 621980781.537 2.000
17174.018 -24622.351 4715.249 28.500 27356781.574 -45022565.420 2.000
17174.018 -24622.351 4715.249 28.500 27356781.574 -45022565.420 -16871.600
197045.588 -285234.305 -18329.890 28.505 58322487.188 -96036688.686 2.000
197045.588 -285234.305 -18329.890 28.505 58322487.188 -96036688.686 -89083.745
-254600.666 414005.305 3600.158 28.510 -39392014.685 64793740.738 2.000
2787.276 918.983 412.547 28.569 2021.779 77.816 2.000
2797.526 919.352 405.087 28.574 2061.110 67.518 2.000
2808.077 919.682 397.508 28.579 2112.507 67.119 2.000
2818.276 920.074 389.233 28.584 2200.579 29.804 2.000
2829.102 920.067 382.005 28.589 2140.153 19.635 2.000
2839.334 920.584 374.535 28.594 2210.270 -11.725 2.000
