1259.490 331.684 483.733 22.765 4294.149 -443.957 -2020.026
1281.645 329.128 474.369 22.770 4263.125 -461.293 1.000
1281.645 329.128 474.369 22.770 4263.125 -461.293 -2048.212
1302.714 326.595 463.765 22.775 4186.522 -496.388 1.000
1302.714 326.595 463.765 22.775 4186.522 -496.388 -2036.778
1323.034 324.463 453.205 22.780 4167.292 -480.171 1.000
1323.034 324.463 453.205 22.780 4167.292 -480.171 -2087.595
1343.407 322.187 443.076 22.785 4173.245 -509.633 1.000
1343.407 322.187 443.076 22.785 4173.245 -509.633 -2084.636
1420.430 312.813 405.695 22.803 4096.602 -538.404 1.000
1420.430 312.813 405.695 22.803 4096.602 -538.404 -1989.822
1441.302 311.094 394.870 22.808 4143.601 -420.064 1.000
1441.302 311.094 394.870 22.808 4143.601 -420.064 -2147.373
1461.935 308.775 384.064 22.813 4150.952 -392.616 1.000
1461.935 308.775 384.064 22.813 4150.952 -392.616 -2212.599
1481.972 306.716 372.599 22.819 4197.245 -408.903 1.000
1481.972 306.716 372.599 22.819 4197.245 -408.903 -2234.700
1503.894 304.563 362.193 22.824 4118.410 -399.431 1.000
1503.894 304.563 362.193 22.824 4118.410 -399.431 -2340.145
1524.919 302.423 350.572 22.829 4026.447 -428.583 1.000
1524.919 302.423 350.572 22.829 4026.447 -428.583 -2428.156
1544.895 300.301 338.735 22.834 3989.096 -458.689 1.000
1544.895 300.301 338.735 22.834 3989.096 -458.689 -2469.394
1564.884 298.080 326.020 22.839 4043.398 -475.109 1.000
1564.884 298.080 326.020 22.839 4043.398 -475.109 -2491.811
1585.194 296.007 312.688 22.844 4132.393 -444.607 1.000
1585.194 296.007 312.688 22.844 4132.393 -444.607 -2584.567
1606.212 293.927 299.968 22.849 4070.694 -441.195 1.000
1606.212 293.927 299.968 22.849 4070.694 -441.195 -2636.208
1626.553 291.572 287.274 22.854 4069.085 -426.004 1.000
1626.553 291.572 287.274 22.854 4069.085 -426.004 -2680.512
1646.718 289.459 273.889 22.859 3998.130 -384.329 1.000
1646.718 289.459 273.889 22.859 3998.130 -384.329 -2771.402
1666.770 287.499 260.264 22.864 3920.149 -362.924 1.000
1666.770 287.499 260.264 22.864 3920.149 -362.924 -2831.057
1686.178 285.435 245.808 22.869 3912.248 -351.055 1.000
1686.178 285.435 245.808 22.869 3912.248 -351.055 -2787.193
1705.700 283.942 231.032 22.874 3848.858 -298.210 1.000
1705.700 283.942 231.032 22.874 3848.858 -298.210 -2884.990
1725.148 282.439 216.347 22.879 3827.223 -318.003 1.000
1725.148 282.439 216.347 22.879 3827.223 -318.003 -2904.225
1744.663 280.959 201.641 22.884 3722.391 -317.103 1.000
1744.663 280.959 201.641 22.884 3722.391 -317.103 -2931.742
1763.122 279.453 186.861 22.889 3737.520 -295.334 1.000
1763.122 279.453 186.861 22.889 3737.520 -295.334 -3056.865
964.323 846.136 576.743 27.944 4783.916 426.862 2.000
987.981 848.013 568.319 27.949 4717.106 366.856 2.000
1010.992 849.627 560.002 27.954 4609.190 349.324 2.000
1035.387 851.905 551.119 27.959 4541.522 245.423 2.000
1058.321 852.854 542.603 27.964 4536.935 224.460 2.000
1080.925 854.289 533.798 27.969 4497.476 188.910 2.000
