1319.655 788.475 -657.787 93.481 4627.133 424.346 -1811.875
1342.839 790.721 -649.053 93.486 4635.600 395.022 2.000
1342.839 790.721 -649.053 93.486 4635.600 395.022 -1853.067
1366.507 793.044 -639.536 93.491 4632.220 383.983 2.000
1366.507 793.044 -639.536 93.491 4632.220 383.983 -1824.292
1389.643 794.938 -630.644 93.496 4618.023 367.068 2.000
1389.643 794.938 -630.644 93.496 4618.023 367.068 -1864.983
1412.290 796.709 -621.232 93.501 4587.819 401.831 2.000
1412.290 796.709 -621.232 93.501 4587.819 401.831 -1858.307
1454.630 800.494 -603.853 93.511 4562.237 406.338 2.000
1454.630 800.494 -603.853 93.511 4562.237 406.338 -1900.583
1478.116 802.426 -593.964 93.516 4488.039 413.549 2.000
1478.116 802.426 -593.964 93.516 4488.039 413.549 -1982.883
1500.705 804.547 -583.954 93.521 4513.570 428.900 2.000
1500.705 804.547 -583.954 93.521 4513.570 428.900 -1985.988
1523.413 806.501 -573.946 93.526 4513.364 398.534 2.000
1523.413 806.501 -573.946 93.526 4513.364 398.534 -2047.368
1546.034 808.654 -563.708 93.531 4496.285 392.194 2.000
1546.034 808.654 -563.708 93.531 4496.285 392.194 -2106.443
1568.014 810.526 -553.534 93.536 4483.271 407.995 2.000
1568.014 810.526 -553.534 93.536 4483.271 407.995 -2163.535
1590.339 812.685 -542.740 93.541 4489.211 390.291 2.000
1590.339 812.685 -542.740 93.541 4489.211 390.291 -2229.968
1613.027 814.424 -531.640 93.546 4434.408 364.058 2.000
1613.027 814.424 -531.640 93.546 4434.408 364.058 -2273.150
1634.914 815.983 -520.397 93.551 4330.352 315.770 2.000
1634.914 815.983 -520.397 93.551 4330.352 315.770 -2274.052
1656.889 817.718 -508.987 93.556 4301.364 296.285 2.000
1656.889 817.718 -508.987 93.556 4301.364 296.285 -2260.007
1679.218 819.671 -497.251 93.561 4329.681 351.952 2.000
1679.218 819.671 -497.251 93.561 4329.681 351.952 -2314.350
1701.133 821.561 -485.626 93.566 4364.574 405.797 2.000
1701.133 821.561 -485.626 93.566 4364.574 405.797 -2389.901
1722.347 823.493 -473.859 93.571 4308.945 373.938 2.000
1722.347 823.493 -473.859 93.571 4308.945 373.938 -2425.413
1743.899 825.416 -461.832 93.576 4254.344 389.632 2.000
1743.899 825.416 -461.832 93.576 4254.344 389.632 -2470.511
1765.669 827.029 -449.000 93.581 4282.538 414.873 2.000
1765.669 827.029 -449.000 93.581 4282.538 414.873 -2513.109
1787.039 828.630 -436.569 93.586 4309.226 368.012 2.000
1787.039 828.630 -436.569 93.586 4309.226 368.012 -2608.188
1808.676 830.488 -423.545 93.591 4324.932 382.858 2.000
1808.676 830.488 -423.545 93.591 4324.932 382.858 -2631.765
1831.011 833.265 -410.308 93.596 4289.255 393.477 2.000
1831.011 833.265 -410.308 93.596 4289.255 393.477 -2690.485
1852.311 835.513 -397.150 93.601 4216.495 355.388 2.000
1852.311 835.513 -397.150 93.601 4216.495 355.388 -2662.355
1873.024 837.128 -383.920 93.606 4240.792 383.663 2.000
1873.024 837.128 -383.920 93.606 4240.792 383.663 -2714.622
1894.212 839.054 -370.376 93.611 4196.040 392.439 2.000
1894.212 839.054 -370.376 93.611 4196.040 392.439 -2768.478
1915.070 840.745 -356.318 93.616 4249.227 438.960 2.000
1915.070 840.745 -356.318 93.616 4249.227 438.960 -2823.848
1937.124 842.595 -341.980 93.621 4152.489 413.213 2.000
1937.124 842.595 -341.980 93.621 4152.489 413.213 -2836.729
1957.918 844.638 -327.731 93.626 4158.037 414.333 2.000
1957.918 844.638 -327.731 93.626 4158.037 414.333 -2831.255
1978.966 846.892 -313.352 93.631 4066.439 374.566 2.000
1978.966 846.892 -313.352 93.631 4066.439 374.566 -2849.365
1998.573 849.088 -299.638 93.636 3994.443 301.799 2.000
1998.573 849.088 -299.638 93.636 3994.443 301.799 -2899.750
2019.070 850.334 -285.119 93.641 4098.900 338.671 2.000
2019.070 850.334 -285.119 93.641 4098.900 338.671 -2989.461
2039.979 851.941 -269.744 93.646 4111.539 323.852 2.000
2039.979 851.941 -269.744 93.646 4111.539 323.852 -3041.854
2061.072 853.738 -253.804 93.651 4146.447 293.443 2.000
2061.072 853.738 -253.804 93.651 4146.447 293.443 -3100.506
2082.470 855.594 -238.299 93.656 4185.386 321.134 2.000
2082.470 855.594 -238.299 93.656 4185.386 321.134 -3177.081
2103.333 857.485 -222.661 93.661 4238.071 381.072 2.000
2103.333 857.485 -222.661 93.661 4238.071 381.072 -3280.336
2124.145 859.137 -206.463 93.666 4232.671 380.594 2.000
2124.145 859.137 -206.463 93.666 4232.671 380.594 -3289.246
2144.302 861.138 -190.405 93.671 4253.180 423.692 2.000
2144.302 861.138 -190.405 93.671 4253.180 423.692 -3373.114
2165.256 862.832 -174.009 93.676 4208.486 414.218 2.000
2165.256 862.832 -174.009 93.676 4208.486 414.218 -3371.387
2187.779 864.872 -156.510 93.681 4025.932 373.309 2.000
2187.779 864.872 -156.510 93.681 4025.932 373.309 -3319.983
2207.970 866.684 -139.745 93.686 4014.968 372.084 2.000
2207.970 866.684 -139.745 93.686 4014.968 372.084 -3349.841
2228.077 868.646 -123.324 93.691 3936.073 386.045 2.000
2228.077 868.646 -123.324 93.691 3936.073 386.045 -3282.571
2247.927 870.779 -109.253 93.696 3856.452 384.095 2.000
2247.927 870.779 -109.253 93.696 3856.452 384.095 -2822.379
2266.895 872.189 -96.740 93.701 3832.959 272.472 2.000
2266.895 872.189 -96.740 93.701 3832.959 272.472 -2422.842
2284.743 873.326 -88.355 93.706 3679.484 202.978 2.000
2284.743 873.326 -88.355 93.706 3679.484 202.978 -1390.113
2302.854 874.785 -82.058 93.711 3365.234 133.366 2.000
2302.854 874.785 -82.058 93.711 3365.234 133.366 -143.919
2320.560 875.529 -78.716 93.717 3137.473 99.831 2.000
2320.560 875.529 -78.716 93.717 3137.473 99.831 1031.159
2336.875 875.570 -82.350 93.722 2989.975 230.281 2.000
2336.875 875.570 -82.350 93.722 2989.975 230.281 1536.876
2352.534 876.519 -86.711 93.727 2766.747 173.930 2.000
2352.534 876.519 -86.711 93.727 2766.747 173.930 2481.217
2367.431 877.545 -95.835 93.732 2668.373 121.882 2.000
2367.431 877.545 -95.835 93.732 2668.373 121.882 2989.579
2380.484 878.237 -109.977 93.737 2612.271 73.327 2.000
2380.484 878.237 -109.977 93.737 2612.271 73.327 3066.921
2393.527 878.508 -125.309 93.742 2522.811 106.732 2.000
2393.527 878.508 -125.309 93.742 2522.811 106.732 3051.478
2406.279 878.745 -140.436 93.747 2522.753 125.718 2.000
2406.279 878.745 -140.436 93.747 2522.753 125.718 2968.426
2419.272 879.657 -155.378 93.752 2554.509 147.511 2.000
2419.272 879.657 -155.378 93.752 2554.509 147.511 2895.414
2432.755 880.134 -169.751 93.757 2594.193 116.040 2.000
2432.755 880.134 -169.751 93.757 2594.193 116.040 2792.426
2445.369 880.899 -184.153 93.762 2637.895 83.775 2.000
2445.369 880.899 -184.153 93.762 2637.895 83.775 2692.245
2457.719 881.312 -198.321 93.767 2562.395 58.920 2.000
2457.719 881.312 -198.321 93.767 2562.395 58.920 2646.599
2470.083 881.299 -211.977 93.772 2498.747 17.238 2.000
2470.083 881.299 -211.977 93.772 2498.747 17.238 2706.617
2482.894 881.600 -225.173 93.777 2577.155 70.905 2.000
2482.894 881.600 -225.173 93.777 2577.155 70.905 2662.213
2496.504 882.389 -238.120 93.782 2636.354 99.948 2.000
2496.504 882.389 -238.120 93.782 2636.354 99.948 2469.844
2509.665 882.898 -250.352 93.787 2565.453 124.671 2.000
2509.665 882.898 -250.352 93.787 2565.453 124.671 2392.132
2522.730 883.491 -262.535 93.792 2536.678 124.118 2.000
2522.730 883.491 -262.535 93.792 2536.678 124.118 2307.754
2536.384 883.880 -274.257 93.797 2505.080 140.313 2.000
2536.384 883.880 -274.257 93.797 2505.080 140.313 2240.628
2547.739 884.558 -286.129 93.802 2607.223 169.127 2.000
2547.739 884.558 -286.129 93.802 2607.223 169.127 2142.777
2560.328 885.067 -297.468 93.807 2651.334 188.119 2.000
2560.328 885.067 -297.468 93.807 2651.334 188.119 2152.994
2573.274 885.968 -308.423 93.812 2616.845 156.468 2.000
2573.274 885.968 -308.423 93.812 2616.845 156.468 2108.541
2587.555 887.099 -318.455 93.817 2464.730 89.847 2.000
2587.555 887.099 -318.455 93.817 2464.730 89.847 2119.489
2599.791 887.725 -328.537 93.822 2421.988 90.769 2.000
2599.791 887.725 -328.537 93.822 2421.988 90.769 2126.459
2611.778 888.247 -339.247 93.827 2423.380 83.129 2.000
2611.778 888.247 -339.247 93.827 2423.380 83.129 2053.028
2624.597 888.732 -349.362 93.832 2505.754 142.342 2.000
2624.597 888.732 -349.362 93.832 2505.754 142.342 1931.349
2637.811 889.530 -359.468 93.837 2551.248 146.925 2.000
2637.811 889.530 -359.468 93.837 2551.248 146.925 1833.453
2650.237 889.927 -368.567 93.842 2523.569 120.748 2.000
2650.237 889.927 -368.567 93.842 2523.569 120.748 1767.000
2661.876 890.300 -378.102 93.847 2451.027 53.524 2.000
2661.876 890.300 -378.102 93.847 2451.027 53.524 1735.119
2674.347 890.930 -386.699 93.852 2419.416 93.591 2.000
2674.347 890.930 -386.699 93.852 2419.416 93.591 1665.774
2686.782 891.564 -395.112 93.857 2413.160 100.672 2.000
2686.782 891.564 -395.112 93.857 2413.160 100.672 1595.880
2699.150 892.305 -403.399 93.862 2450.715 95.458 2.000
2699.150 892.305 -403.399 93.862 2450.715 95.458 1554.150
2711.694 892.683 -411.122 93.867 2428.001 99.861 2.000
2711.694 892.683 -411.122 93.867 2428.001 99.861 1508.806
2723.737 892.988 -418.490 93.872 2325.224 59.329 2.000
2723.737 892.988 -418.490 93.872 2325.224 59.329 1431.732
2733.798 892.548 -425.721 93.877 2158.653 -12.740 2.000
2733.798 892.548 -425.721 93.877 2158.653 -12.740 1292.755
2744.674 892.483 -432.234 93.882 2158.653 -12.740 2.000
2744.674 892.483 -432.234 93.882 2158.653 -12.740 1292.755
2755.527 892.427 -439.028 93.887 2219.909 -17.497 2.000
2755.527 892.427 -439.028 93.887 2219.909 -17.497 1256.053
2766.329 892.292 -446.148 93.892 2199.244 -81.745 2.000
2766.329 892.292 -446.148 93.892 2199.244 -81.745 1230.327
1305.051 499.692 -602.140 96.197 3627.049 -32.185 1.000
1322.814 499.731 -589.442 96.202 4135.154 -304.969 1.000
1343.922 497.862 -577.860 96.207 4331.644 -443.581 1.000
1365.940 495.607 -566.268 96.212 4331.644 -443.581 1.000
1389.147 492.886 -554.717 96.217 4295.486 -470.530 1.000
1410.750 490.241 -544.104 96.222 4471.321 -610.124 1.000
