1357.035 449.733 -464.452 105.544 4425.031 -445.898 -2566.728
1378.980 447.372 -451.672 105.549 4349.820 -428.461 1.000
1378.980 447.372 -451.672 105.549 4349.820 -428.461 -2671.129
1400.678 445.172 -438.287 105.554 4378.170 -414.120 1.000
1400.678 445.172 -438.287 105.554 4378.170 -414.120 -2668.594
1421.869 443.286 -424.793 105.559 4317.937 -391.144 1.000
1421.869 443.286 -424.793 105.559 4317.937 -391.144 -2745.231
1444.217 441.364 -411.423 105.564 4281.451 -352.840 1.000
1444.217 441.364 -411.423 105.564 4281.451 -352.840 -2855.066
1486.867 446.045 -385.573 105.573 4612.821 -372.632 2.000
1486.867 446.045 -385.573 105.573 4612.821 -372.632 -3043.055
1509.703 444.124 -370.378 105.578 4537.360 -371.331 2.000
1509.703 444.124 -370.378 105.578 4537.360 -371.331 -3035.067
1531.938 442.103 -355.417 105.583 4454.640 -383.676 2.000
1531.938 442.103 -355.417 105.583 4454.640 -383.676 -2996.707
1554.404 440.307 -340.103 105.588 4330.309 -397.536 2.000
1554.404 440.307 -340.103 105.588 4330.309 -397.536 -2977.620
1575.960 437.972 -325.468 105.593 4342.505 -337.833 2.000
1575.960 437.972 -325.468 105.593 4342.505 -337.833 -3065.731
1599.063 436.634 -309.636 105.598 4290.865 -362.531 2.000
1599.063 436.634 -309.636 105.598 4290.865 -362.531 -3144.956
1620.457 434.722 -294.010 105.603 4262.725 -374.727 2.000
1620.457 434.722 -294.010 105.603 4262.725 -374.727 -3141.724
1642.585 432.724 -277.768 105.608 4275.692 -345.325 2.000
1642.585 432.724 -277.768 105.608 4275.692 -345.325 -3184.786
1663.794 431.203 -262.070 105.613 4269.903 -352.948 2.000
1663.794 431.203 -262.070 105.613 4269.903 -352.948 -3221.686
1684.804 429.415 -246.273 105.618 4329.176 -327.569 2.000
1684.804 429.415 -246.273 105.618 4329.176 -327.569 -3306.571
1705.922 427.407 -230.187 105.623 4281.727 -358.174 2.000
1705.922 427.407 -230.187 105.623 4281.727 -358.174 -3336.906
1727.859 425.802 -213.210 105.628 4292.913 -362.417 2.000
1727.859 425.802 -213.210 105.628 4292.913 -362.417 -3347.994
1749.997 424.173 -196.005 105.633 4255.952 -331.682 2.000
1749.997 424.173 -196.005 105.633 4255.952 -331.682 -3391.207
1771.885 422.304 -178.373 105.638 4341.452 -382.493 2.000
1771.885 422.304 -178.373 105.638 4341.452 -382.493 -3429.679
1793.165 419.982 -161.860 105.643 4338.346 -378.199 2.000
1793.165 419.982 -161.860 105.643 4338.346 -378.199 -3437.717
-3293.115 -548.377 -3776.447 105.648 -40187.117 17037.489 2.000
-8252.679 -3895.891 -947.375 105.653 1098231.484 48496.564 2.000
-3621.341 3077.208 -1712.467 105.658 -336190.902 168440.253 2.000
-5056.892 325.266 -3960.993 105.663 543604.732 -197039.507 2.000
