1347.523 29.219 -97.862 98.706 -685.195 -124.684 1.000
1344.077 28.592 -100.769 98.711 -685.195 -124.684 1.000
1340.858 28.100 -103.230 98.716 -633.104 -73.371 1.000
1337.411 27.651 -106.176 98.721 -631.410 -69.571 1.000
1333.722 26.798 -108.231 98.726 -681.348 -104.776 1.000
1330.458 26.223 -110.333 98.731 -667.607 -107.362 1.000
1326.948 25.652 -112.486 98.736 -691.715 -158.690 1.000
1322.997 24.798 -113.663 98.741 -729.180 -180.914 1.000
1319.630 24.157 -115.505 98.746 -771.774 -218.401 1.000
1316.759 23.145 -117.235 98.751 -760.064 -242.337 1.000
1312.902 22.262 -117.715 98.756 -736.433 -256.927 1.000
1309.201 21.015 -118.714 98.761 -631.452 -206.958 1.000
1305.725 19.741 -119.208 98.766 -578.828 -180.780 1.000
1302.946 19.137 -119.799 98.771 -591.045 -162.735 1.000
1299.597 17.860 -118.963 98.776 -560.295 -115.344 1.000
1296.776 17.279 -118.902 98.781 -560.295 -115.344 1.000
1293.484 16.642 -118.297 98.786 -576.894 -115.534 1.000
1291.207 16.056 -118.092 98.791 -632.302 -100.537 1.000
1287.680 15.597 -116.966 98.796 -635.803 -98.828 1.000
1284.636 15.080 -115.946 98.801 -738.063 -98.803 1.000
1281.158 14.492 -114.833 98.806 -712.884 -80.127 1.000
1277.741 14.232 -112.938 98.811 -710.008 -93.083 1.000
1274.169 13.763 -110.808 98.816 -710.008 -93.083 1.000
1270.316 13.177 -108.619 98.821 -754.157 -72.463 1.000
1266.663 12.652 -105.910 98.827 -722.335 -99.287 1.000
1263.161 12.162 -103.467 98.832 -758.360 -126.045 1.000
1259.420 11.592 -100.425 98.837 -659.459 -132.392 1.000
1255.942 11.007 -97.320 98.842 -630.292 -135.441 1.000
1252.972 10.456 -94.258 98.847 -682.348 -141.004 1.000
1249.422 9.871 -90.081 98.852 -716.481 -133.076 1.000
1245.264 8.870 -86.399 98.857 -742.590 -161.514 1.000
1241.413 7.870 -82.582 98.862 -737.258 -192.067 1.000
1238.338 6.976 -78.454 98.867 -765.005 -175.407 1.000
1234.799 6.288 -74.068 98.872 -754.625 -174.849 1.000
1231.758 5.628 -70.224 98.877 -720.309 -158.036 1.000
1227.574 4.807 -66.134 98.882 -649.197 -151.424 1.000
1223.574 3.955 -62.610 98.887 -617.364 -119.516 1.000
1220.488 3.358 -60.724 98.892 -617.364 -119.516 1.000
1216.684 2.453 -59.336 98.897 -628.328 -102.598 1.000
1213.810 1.882 -58.929 98.902 -705.665 -104.260 1.000
1210.533 1.667 -59.463 98.907 -746.085 -121.661 1.000
1206.974 1.031 -60.810 98.912 -770.640 -131.960 1.000
1203.441 0.436 -64.536 98.917 -791.917 -127.226 1.000
1199.239 -0.294 -68.891 98.922 -711.773 -97.590 1.000
1195.660 -0.785 -73.004 98.927 -711.773 -97.590 1.000
1191.813 -1.359 -77.283 98.932 -699.032 -110.978 1.000
1188.325 -1.998 -80.798 98.937 -670.400 -99.107 1.000
1184.942 -2.534 -84.474 98.942 -690.987 -129.287 1.000
1181.421 -3.093 -88.272 98.947 -682.379 -135.185 1.000
1177.894 -3.904 -91.335 98.952 -688.596 -144.598 1.000
1174.563 -4.405 -95.010 98.957 -682.874 -158.209 1.000
1171.118 -5.203 -97.978 98.962 -682.874 -158.209 1.000
1167.376 -5.877 -100.494 98.967 -750.917 -154.520 1.000
1163.168 -6.832 -103.054 98.972 -795.044 -153.120 1.000
1159.666 -7.537 -105.357 98.977 -813.926 -152.466 1.000
1156.080 -8.307 -107.484 98.982 -726.775 -127.005 1.000
1152.546 -8.941 -109.688 98.987 -691.293 -140.746 1.000
1148.889 -9.661 -110.921 98.992 -634.382 -104.104 1.000
1145.581 -10.219 -111.769 98.997 -643.384 -108.383 1.000
1142.116 -10.725 -112.941 99.002 -617.335 -112.694 1.000
1138.374 -11.531 -113.314 99.007 -563.559 -130.350 1.000
1135.340 -12.176 -113.907 99.012 -602.880 -106.799 1.000
1132.760 -12.684 -114.119 99.017 -689.611 -130.991 1.000
1129.772 -13.372 -114.024 99.022 -725.801 -162.213 1.000
1125.977 -14.086 -113.917 99.027 -704.928 -141.072 1.000
1122.392 -14.542 -112.930 99.032 -736.001 -141.848 1.000
1118.694 -15.254 -112.025 99.037 -736.001 -141.848 1.000
1114.905 -16.225 -111.176 99.042 -730.298 -129.609 1.000
1111.727 -16.949 -109.897 99.047 -688.074 -119.740 1.000
1108.192 -17.402 -108.386 99.052 -669.484 -136.854 1.000
1105.054 -18.193 -106.891 99.057 -610.061 -104.602 1.000
1101.556 -18.754 -104.848 99.062 -558.026 -95.062 1.000
1098.309 -19.087 -102.695 99.067 -571.635 -136.406 1.000
1095.449 -19.769 -100.402 99.073 -571.635 -136.406 1.000
1092.026 -20.583 -97.628 99.078 -599.387 -139.951 1.000
1089.213 -21.229 -95.087 99.083 -642.994 -104.903 1.000
1086.136 -21.627 -92.386 99.088 -737.854 -102.293 1.000
1082.608 -22.212 -88.912 99.093 -712.913 -114.010 1.000
1079.323 -22.779 -85.813 99.098 -769.957 -125.886 1.000
1075.407 -23.609 -81.758 99.103 -695.436 -147.359 1.000
1071.914 -24.349 -77.457 99.108 -695.436 -147.359 1.000
1068.250 -25.280 -73.327 99.113 -703.578 -156.799 1.000
1064.943 -25.838 -69.173 99.118 -620.467 -177.163 1.000
1061.977 -26.294 -65.907 99.123 -581.197 -183.965 1.000
1058.211 -27.145 -63.045 99.128 -629.154 -149.412 1.000
1055.116 -28.034 -60.634 99.133 -708.149 -96.745 1.000
1051.450 -28.829 -59.172 99.138 -719.596 -111.370 1.000
1048.127 -29.394 -59.719 99.143 -713.086 -133.816 1.000
1044.720 -30.158 -61.187 99.148 -754.651 -106.448 1.000
1041.107 -30.573 -63.370 99.153 -719.965 -115.248 1.000
1037.923 -31.099 -66.357 99.158 -754.188 -149.070 1.000
1034.005 -31.642 -70.271 99.163 -668.169 -157.172 1.000
1029.693 -32.435 -73.906 99.168 -594.427 -169.829 1.000
1026.628 -33.204 -77.899 99.173 -660.984 -140.811 1.000
1023.447 -33.859 -81.075 99.178 -634.390 -132.800 1.000
1020.450 -34.758 -84.613 99.183 -654.284 -103.584 1.000
1017.332 -35.351 -87.644 99.188 -662.277 -133.138 1.000
1013.900 -35.841 -90.328 99.193 -681.625 -114.615 1.000
1010.294 -36.605 -92.406 99.198 -705.953 -105.434 1.000
1006.871 -37.210 -94.582 99.203 -742.605 -138.913 1.000
1003.094 -37.927 -96.712 99.208 -702.317 -143.643 1.000
999.546 -38.416 -98.785 99.213 -702.901 -188.045 1.000
996.012 -39.362 -100.275 99.218 -702.901 -188.045 1.000
992.875 -40.125 -101.967 99.223 -748.944 -158.808 1.000
988.901 -40.951 -102.680 99.228 -727.136 -155.862 1.000
985.290 -41.483 -103.286 99.233 -649.237 -158.827 1.000
981.964 -42.560 -103.852 99.238 -608.579 -142.986 1.000
979.042 -43.406 -104.353 99.243 -561.569 -128.838 1.000
976.052 -43.992 -104.877 99.248 -589.606 -134.772 1.000
973.094 -44.668 -104.735 99.253 -589.606 -134.772 1.000
969.714 -45.514 -104.461 99.258 -595.561 -150.788 1.000
966.553 -45.918 -103.678 99.263 -616.016 -151.801 1.000
963.485 -46.822 -103.278 99.268 -651.322 -139.435 1.000
960.819 -47.600 -102.412 99.273 -692.923 -165.095 1.000
957.432 -48.449 -101.322 99.278 -689.120 -138.578 1.000
954.171 -49.095 -99.963 99.283 -665.414 -156.389 1.000
950.836 -49.879 -97.976 99.288 -665.414 -156.389 1.000
947.232 -50.437 -95.855 99.293 -602.900 -127.546 1.000
943.879 -51.392 -93.724 99.299 -631.262 -152.820 1.000
940.622 -51.897 -91.193 99.304 -638.773 -161.775 1.000
932.248 -51.441 -90.559 99.309 -1781.217 169.451 1.000
926.043 -51.534 -93.274 99.314 -2146.031 218.749 1.000
919.314 -51.305 -96.110 99.319 -2144.136 158.972 1.000
908.579 -50.510 -105.879 99.324 -2144.136 158.972 1.000
896.071 -48.771 -104.606 99.329 -2848.890 392.042 1.000
891.027 -49.504 -111.291 99.334 -1997.361 90.798 1.000
885.359 -49.834 -113.147 99.339 -1512.446 27.258 1.000
880.876 -49.621 -114.039 99.344 -830.282 -147.204 1.000
877.486 -50.511 -115.349 99.349 318.406 -428.471 1.000
868.458 -69.564 -103.355 99.412 -272.101 -452.870 1.000
867.556 -72.050 -112.971 99.417 -2194.686 165.927 1.000
856.872 -71.495 -119.513 99.422 -2040.327 76.474 1.000
845.953 -71.121 -126.074 99.427 -2128.237 75.650 1.000
838.132 -70.845 -128.234 99.432 -1667.004 109.779 1.000
827.474 -70.352 -134.807 99.437 -1843.849 252.101 1.000
817.907 -68.498 -134.955 99.442 -2377.853 362.041 1.000
1273.993 673.462 -531.769 102.141 4676.117 897.238 2.000
1297.361 677.960 -518.310 102.146 4634.796 854.062 2.000
1320.571 682.240 -505.016 102.151 4622.846 852.222 2.000
1342.463 685.473 -492.111 102.156 4462.489 712.650 2.000
1365.343 689.744 -478.906 102.161 4223.026 508.313 2.000
1386.993 692.161 -466.157 102.166 4116.286 499.247 2.000
