2361.622 865.983 -379.103 48.805 243.648 -343.580 2.000
2360.391 864.959 -379.218 48.810 258.431 -330.351 2.000
2361.599 862.909 -388.077 48.815 -786.936 12.571 2.000
2361.681 861.646 -391.382 48.820 -708.575 -13.756 2.000
2358.930 861.414 -389.781 48.825 383.970 -369.727 2.000
2358.845 860.156 -389.839 48.830 405.485 -417.607 2.000
2357.094 859.481 -390.916 48.835 423.947 -385.854 2.000
2355.370 858.784 -392.447 48.840 411.290 -383.448 2.000
2354.526 857.678 -393.327 48.845 357.309 -410.095 2.000
2356.524 855.502 -400.273 48.850 -607.205 -82.878 2.000
2346.712 858.397 -404.355 48.855 -1905.533 492.426 2.000
2344.556 857.646 -402.004 48.860 -673.805 66.856 2.000
2342.864 857.133 -402.798 48.865 -348.439 -93.681 2.000
2341.122 856.247 -402.971 48.870 -0.030 -242.949 2.000
2337.765 856.430 -404.435 48.875 462.880 -437.875 2.000
