1586.971 646.222 -297.991 46.589 4258.430 455.753 -2983.146
1608.093 648.537 -283.069 46.594 4246.972 450.011 2.000
1608.093 648.537 -283.069 46.594 4246.972 450.011 -3024.096
1629.677 650.728 -267.843 46.599 4259.534 473.144 2.000
1629.677 650.728 -267.843 46.599 4259.534 473.144 -3096.100
1650.910 652.967 -252.521 46.604 4150.524 484.137 2.000
1650.910 652.967 -252.521 46.604 4150.524 484.137 -3110.422
1672.368 655.623 -236.796 46.609 4127.377 476.041 2.000
1672.368 655.623 -236.796 46.609 4127.377 476.041 -3150.777
1695.843 658.144 -218.919 46.615 4164.624 455.141 2.000
1695.843 658.144 -218.919 46.615 4164.624 455.141 -3176.574
1716.144 660.239 -203.150 46.620 4117.337 423.102 2.000
1716.144 660.239 -203.150 46.620 4117.337 423.102 -3189.487
1736.806 662.519 -186.808 46.625 4094.294 411.827 2.000
1736.806 662.519 -186.808 46.625 4094.294 411.827 -3250.928
1757.680 664.646 -170.287 46.630 4131.952 432.812 2.000
1757.680 664.646 -170.287 46.630 4131.952 432.812 -3354.759
1778.592 666.751 -153.403 46.635 4141.598 411.189 2.000
1778.592 666.751 -153.403 46.635 4141.598 411.189 -3421.689
1799.637 669.150 -136.402 46.640 4150.752 420.011 2.000
1799.637 669.150 -136.402 46.640 4150.752 420.011 -3469.602
1820.055 671.315 -119.827 46.645 4150.755 423.423 2.000
1820.055 671.315 -119.827 46.645 4150.755 423.423 -3431.156
1841.323 673.563 -104.896 46.650 4112.200 517.627 2.000
1841.323 673.563 -104.896 46.650 4112.200 517.627 -3002.741
1860.857 675.023 -92.561 46.655 4082.174 381.598 2.000
1860.857 675.023 -92.561 46.655 4082.174 381.598 -2555.591
1879.640 676.911 -84.659 46.660 3847.993 354.373 2.000
1879.640 676.911 -84.659 46.660 3847.993 354.373 -1438.335
1898.144 679.472 -79.122 46.665 3469.630 265.569 2.000
1898.144 679.472 -79.122 46.665 3469.630 265.569 -135.995
1915.159 679.659 -80.399 46.670 3199.727 362.385 2.000
1915.159 679.659 -80.399 46.670 3199.727 362.385 725.407
1932.666 681.824 -80.228 46.675 2921.274 391.065 2.000
1932.666 681.824 -80.228 46.675 2921.274 391.065 1633.946
1947.598 683.201 -85.627 46.680 2654.821 311.759 2.000
1947.598 683.201 -85.627 46.680 2654.821 311.759 2528.351
1961.297 684.485 -95.713 46.685 2400.608 222.613 2.000
1961.297 684.485 -95.713 46.685 2400.608 222.613 3038.209
1974.402 686.257 -110.182 46.690 2345.877 162.006 2.000
1974.402 686.257 -110.182 46.690 2345.877 162.006 3177.459
1986.289 686.791 -126.665 46.695 2424.593 199.917 2.000
1986.289 686.791 -126.665 46.695 2424.593 199.917 2991.105
1998.404 687.870 -141.580 46.700 2431.705 200.701 2.000
1998.404 687.870 -141.580 46.700 2431.705 200.701 2925.197
2010.532 688.732 -155.686 46.705 2458.662 189.761 2.000
2010.532 688.732 -155.686 46.705 2458.662 189.761 2840.936
2022.970 689.638 -169.857 46.710 2398.031 194.204 2.000
2022.970 689.638 -169.857 46.710 2398.031 194.204 2740.819
2034.810 690.639 -183.749 46.715 2444.867 167.158 2.000
2034.810 690.639 -183.749 46.715 2444.867 167.158 2639.392
2046.775 691.548 -197.620 46.720 2454.641 161.231 2.000
2046.775 691.548 -197.620 46.720 2454.641 161.231 2584.905
2059.090 692.215 -210.659 46.725 2490.953 162.821 2.000
2059.090 692.215 -210.659 46.725 2490.953 162.821 2571.928
2071.997 693.241 -223.885 46.730 2426.610 128.978 2.000
2071.997 693.241 -223.885 46.730 2426.610 128.978 2548.010
2083.950 693.916 -236.407 46.735 2374.173 145.405 2.000
2083.950 693.916 -236.407 46.735 2374.173 145.405 2495.393
2095.599 694.625 -248.507 46.741 2374.686 130.725 2.000
2095.599 694.625 -248.507 46.741 2374.686 130.725 2411.057
2107.359 695.304 -260.389 46.746 2308.973 147.968 2.000
2107.359 695.304 -260.389 46.746 2308.973 147.968 2347.660
2119.063 696.026 -272.567 46.751 2309.212 130.966 2.000
2119.063 696.026 -272.567 46.751 2309.212 130.966 2274.281
2131.196 696.847 -284.135 46.756 2290.508 171.692 2.000
2131.196 696.847 -284.135 46.756 2290.508 171.692 2199.047
2143.096 697.808 -295.701 46.761 2328.153 178.494 2.000
2143.096 697.808 -295.701 46.761 2328.153 178.494 2119.257
2154.855 698.682 -306.569 46.766 2355.198 187.787 2.000
2154.855 698.682 -306.569 46.766 2355.198 187.787 2133.571
2166.850 699.481 -316.659 46.771 2437.977 208.392 2.000
2166.850 699.481 -316.659 46.771 2437.977 208.392 2081.117
2178.282 700.423 -327.163 46.776 2416.185 190.808 2.000
2178.282 700.423 -327.163 46.776 2416.185 190.808 2040.422
2190.380 701.348 -336.984 46.781 2373.649 190.853 2.000
2190.380 701.348 -336.984 46.781 2373.649 190.853 1926.096
2201.284 702.196 -346.852 46.786 2290.679 169.269 2.000
2201.284 702.196 -346.852 46.786 2290.679 169.269 1848.366
2214.229 703.496 -356.114 46.791 2336.220 225.241 2.000
2214.229 703.496 -356.114 46.791 2336.220 225.241 1731.290
2225.801 704.552 -365.094 46.796 2282.020 176.613 2.000
2225.801 704.552 -365.094 46.796 2282.020 176.613 1652.040
2237.774 705.636 -373.515 46.801 2364.403 216.977 2.000
2237.774 705.636 -373.515 46.801 2364.403 216.977 1637.904
2249.525 706.304 -381.679 46.806 2351.261 204.772 2.000
2249.525 706.304 -381.679 46.806 2351.261 204.772 1584.397
2260.752 707.271 -389.635 46.811 2292.048 187.523 2.000
2260.752 707.271 -389.635 46.811 2292.048 187.523 1579.176
2272.040 708.332 -397.624 46.816 2316.727 169.850 2.000
2272.040 708.332 -397.624 46.816 2316.727 169.850 1533.943
2283.107 708.793 -405.556 46.821 2325.086 157.638 2.000
2283.107 708.793 -405.556 46.821 2325.086 157.638 1519.600
2295.100 709.790 -413.180 46.826 2311.154 116.120 2.000
2295.100 709.790 -413.180 46.826 2311.154 116.120 1473.881
2307.430 710.770 -420.328 46.831 2158.273 98.147 2.000
2307.430 710.770 -420.328 46.831 2158.273 98.147 1456.482
2318.185 711.240 -427.558 46.836 2262.008 159.423 2.000
2318.185 711.240 -427.558 46.836 2262.008 159.423 1376.747
2329.879 712.236 -434.148 46.841 2200.326 157.038 2.000
2329.879 712.236 -434.148 46.841 2200.326 157.038 1328.338
2340.222 712.604 -440.982 46.846 2271.567 188.678 2.000
2340.222 712.604 -440.982 46.846 2271.567 188.678 1251.772
2351.378 713.513 -447.328 46.851 2307.941 186.442 2.000
2351.378 713.513 -447.328 46.851 2307.941 186.442 1121.742
2363.311 714.306 -452.970 46.856 2299.446 182.575 2.000
2363.311 714.306 -452.970 46.856 2299.446 182.575 1070.327
2375.014 715.033 -458.681 46.861 2288.412 165.599 2.000
2375.014 715.033 -458.681 46.861 2288.412 165.599 1022.293
2386.756 716.144 -463.678 46.866 2329.604 146.606 2.000
2386.756 716.144 -463.678 46.866 2329.604 146.606 977.990
2398.746 717.049 -468.399 46.871 2382.708 175.254 2.000
2398.746 717.049 -468.399 46.871 2382.708 175.254 948.717
2410.290 718.028 -472.833 46.876 2422.581 149.692 2.000
2410.290 718.028 -472.833 46.876 2422.581 149.692 858.149
2421.622 718.409 -477.507 46.881 2353.527 129.335 2.000
2421.622 718.409 -477.507 46.881 2353.527 129.335 816.440
2432.818 719.190 -481.733 46.886 2235.407 148.468 2.000
2432.818 719.190 -481.733 46.886 2235.407 148.468 774.790
2444.151 719.922 -485.772 46.891 2180.257 167.566 2.000
2444.151 719.922 -485.772 46.891 2180.257 167.566 741.529
2455.826 720.887 -489.300 46.896 2132.799 177.923 2.000
2455.826 720.887 -489.300 46.896 2132.799 177.923 716.144
2466.867 721.693 -492.939 46.901 2089.124 175.861 2.000
2466.867 721.693 -492.939 46.901 2089.124 175.861 651.643
2478.104 722.777 -495.870 46.906 2077.142 168.286 2.000
2478.104 722.777 -495.870 46.906 2077.142 168.286 607.778
2488.583 723.627 -499.065 46.911 2088.546 173.178 2.000
2488.583 723.627 -499.065 46.911 2088.546 173.178 610.264
2498.774 724.279 -501.863 46.916 2182.111 202.787 2.000
2498.774 724.279 -501.863 46.916 2182.111 202.787 522.681
2509.394 725.121 -504.840 46.921 2289.702 225.372 2.000
2509.394 725.121 -504.840 46.921 2289.702 225.372 428.020
2520.593 726.386 -507.128 46.926 2327.543 199.627 2.000
2520.593 726.386 -507.128 46.926 2327.543 199.627 342.217
2532.414 727.374 -508.891 46.931 2277.696 187.494 2.000
2532.414 727.374 -508.891 46.931 2277.696 187.494 311.922
2543.967 728.459 -510.164 46.936 2263.458 188.736 2.000
2543.967 728.459 -510.164 46.936 2263.458 188.736 244.305
2554.893 729.238 -511.550 46.941 2249.330 194.589 2.000
2554.893 729.238 -511.550 46.941 2249.330 194.589 173.031
2565.766 730.051 -512.364 46.946 2162.488 161.513 2.000
2565.766 730.051 -512.364 46.946 2162.488 161.513 149.783
2576.549 730.846 -513.224 46.951 2117.328 159.804 2.000
2576.549 730.846 -513.224 46.951 2117.328 159.804 55.167
2587.354 731.754 -513.490 46.956 2015.280 128.127 2.000
2587.354 731.754 -513.490 46.956 2015.280 128.127 13.747
2597.743 732.353 -513.837 46.961 2012.182 127.114 2.000
2597.743 732.353 -513.837 46.961 2012.182 127.114 -4.471
2607.956 733.015 -513.872 46.966 1967.473 105.790 2.000
2607.956 733.015 -513.872 46.966 1967.473 105.790 5.620
2617.869 733.548 -514.146 46.971 1949.164 97.659 2.000
2617.869 733.548 -514.146 46.971 1949.164 97.659 -19.359
9511.087 -22225.993 429.068 47.240 -1997520.357 3286297.583 2.000
-3272.855 -9037.548 -4436.101 47.245 -2083742.754 3427930.458 2.000
-1625.213 -169.612 -7988.219 47.250 984609.268 -1620067.809 2.000
-4301.011 4321.685 -915.992 47.255 1868423.319 -3073734.653 2.000
2186.404 -3281.435 -4957.920 47.260 -1294800.239 2130179.934 2.000
-1472.468 117.769 -3500.864 47.265 -44538.412 73213.378 2.000
-2918.785 1148.609 -1652.019 47.270 -1614560.682 2658605.194 2.000
-49215.232 102495.741 -15221.767 47.275 156725755.787 -257815113.570 2.000
1739.645 -2324.565 -321.901 47.280 2867928.720 -4718043.320 2.000
-21164.613 -3802.442 -7302.001 47.285 -16560703.722 27243775.349 2.000
-19514.143 -27972.781 7703.926 47.290 -11507263.340 18930775.413 2.000
-3686.610 1471.483 -2461.555 47.295 346023.036 -569213.684 2.000
-1954.999 -1377.046 -2461.641 47.300 346023.036 -569213.684 2.000
23892.146 -39359.238 -1609.748 47.305 4311887.676 -7093544.513 2.000
23892.146 -39359.238 -1609.748 47.305 4311887.676 -7093544.513 26.526
17991.711 -28834.277 -1228.720 47.310 2300346.953 -3784317.054 2.000
-25508.998 151.187 -2015.975 47.509 2854633.078 798683.124 2.000
-49072.613 142471.546 -1990.286 47.514 8525208.739 -31667127.366 2.000
-336.370 -2999.778 -1223.640 47.519 -391576.488 221150.722 2.000
457.009 3436.419 -1705.204 47.524 378154.750 -138629.668 2.000
1927.679 -517.070 -2560.377 47.530 151719.433 19467.550 2.000
-6019.181 -955.569 -3492.406 47.535 -317724.356 -158125.384 2.000
2504.611 884.757 -498.885 47.540 -249.939 -131.852 2.000
2502.331 884.618 -496.865 47.545 -287.378 -126.775 2.000
2500.674 884.335 -493.030 47.550 -335.968 -84.951 2.000
2498.643 883.939 -490.695 47.555 -437.211 -45.447 2.000
2486.824 887.325 -489.974 47.560 -1935.229 565.881 2.000
2484.701 887.127 -488.044 47.565 -1430.220 384.266 2.000
