1432.402 487.628 -532.673 96.227 4629.268 -695.656 -2085.625
1470.192 489.765 -520.749 96.232 4319.647 -525.404 2.000
1470.192 489.765 -520.749 96.232 4319.647 -525.404 -2277.970
1491.497 486.924 -509.524 96.237 4207.592 -607.359 2.000
1491.497 486.924 -509.524 96.237 4207.592 -607.359 -2253.495
1513.083 484.098 -498.051 96.242 4278.415 -569.577 2.000
1513.083 484.098 -498.051 96.242 4278.415 -569.577 -2273.779
1535.699 481.699 -485.996 96.247 4218.237 -616.104 2.000
1535.699 481.699 -485.996 96.247 4218.237 -616.104 -2325.791
1584.673 474.863 -458.474 96.259 4219.197 -604.769 2.000
1584.673 474.863 -458.474 96.259 4219.197 -604.769 -2389.157
1605.130 471.453 -446.107 96.264 4303.050 -556.508 2.000
1605.130 471.453 -446.107 96.264 4303.050 -556.508 -2625.865
1626.424 468.888 -433.323 96.269 4263.614 -559.501 2.000
1626.424 468.888 -433.323 96.269 4263.614 -559.501 -2714.426
1648.492 466.094 -419.581 96.274 4341.354 -510.346 2.000
1648.492 466.094 -419.581 96.274 4341.354 -510.346 -2765.312
1669.805 463.066 -406.357 96.279 4273.950 -526.631 2.000
1669.805 463.066 -406.357 96.279 4273.950 -526.631 -2781.214
1692.057 460.725 -392.272 96.284 4169.333 -566.714 2.000
1692.057 460.725 -392.272 96.284 4169.333 -566.714 -2770.904
1713.277 457.999 -378.084 96.289 4256.883 -523.770 2.000
1713.277 457.999 -378.084 96.289 4256.883 -523.770 -2798.548
1734.150 455.458 -364.172 96.294 4229.554 -496.339 2.000
1734.150 455.458 -364.172 96.294 4229.554 -496.339 -2817.855
1754.950 452.879 -349.951 96.299 4178.340 -467.702 2.000
1754.950 452.879 -349.951 96.299 4178.340 -467.702 -2836.748
1776.158 450.604 -335.601 96.304 4178.358 -457.373 2.000
1776.158 450.604 -335.601 96.304 4178.358 -457.373 -2899.923
1797.357 448.189 -321.014 96.309 4153.190 -453.088 2.000
1797.357 448.189 -321.014 96.309 4153.190 -453.088 -2943.510
1818.621 445.634 -306.293 96.314 4082.437 -472.463 2.000
1818.621 445.634 -306.293 96.314 4082.437 -472.463 -2988.810
1838.742 443.108 -291.586 96.319 4121.681 -448.322 2.000
1838.742 443.108 -291.586 96.319 4121.681 -448.322 -3068.880
1859.933 441.041 -275.925 96.324 4079.054 -470.183 2.000
1859.933 441.041 -275.925 96.324 4079.054 -470.183 -3043.592
1881.264 438.075 -260.227 96.329 4180.540 -600.157 2.000
1881.264 438.075 -260.227 96.329 4180.540 -600.157 -3150.335
1902.271 434.877 -244.581 96.334 4368.308 -683.797 2.000
1902.271 434.877 -244.581 96.334 4368.308 -683.797 -3271.452
1921.342 433.716 -230.010 96.339 3971.661 -368.649 2.000
1921.342 433.716 -230.010 96.339 3971.661 -368.649 -3011.906
1940.445 432.416 -215.682 96.344 3603.341 -127.650 2.000
1940.445 432.416 -215.682 96.344 3603.341 -127.650 -2809.477
1958.399 431.819 -201.150 96.349 3588.368 -128.651 2.000
1958.399 431.819 -201.150 96.349 3588.368 -128.651 -2826.789
1976.030 430.653 -186.553 96.354 3398.827 -12.457 2.000
1976.030 430.653 -186.553 96.354 3398.827 -12.457 -2789.733
1992.735 430.737 -172.336 96.359 3077.026 174.617 2.000
1992.735 430.737 -172.336 96.359 3077.026 174.617 -2653.387
1992.171 414.086 -177.596 96.364 2379.916 -204.256 1.000
1373.953 33.774 -70.718 98.671 -781.314 -121.844 1.000
1370.053 33.166 -75.015 98.676 -781.314 -121.844 1.000
1366.183 32.566 -79.290 98.681 -767.134 -118.674 1.000
1362.352 31.866 -83.207 98.686 -763.886 -135.797 1.000
1358.529 31.371 -87.731 98.691 -738.009 -148.473 1.000
1354.804 30.628 -91.351 98.696 -734.260 -166.491 1.000
