2268.217 746.314 -113.574 49.286 -773.768 16.546 2.000
2264.635 746.265 -110.752 49.291 -802.149 17.885 2.000
2260.727 746.413 -107.691 49.296 -786.238 24.959 2.000
2257.003 746.416 -104.458 49.301 -720.894 32.915 2.000
2253.129 746.505 -100.966 49.306 -716.495 -21.892 2.000
2249.881 746.362 -97.492 49.311 -726.144 -41.684 2.000
2245.968 746.379 -93.886 49.316 -736.250 -25.636 2.000
2241.695 746.370 -90.160 49.321 -698.012 -8.454 2.000
2238.368 746.238 -85.859 49.326 -747.308 3.738 2.000
2234.847 746.382 -81.326 49.331 -750.771 7.631 2.000
2231.273 746.414 -76.211 49.336 -759.603 23.219 2.000
2227.689 746.423 -71.175 49.341 -757.827 40.477 2.000
2224.326 746.223 -66.042 49.346 -635.231 28.964 2.000
2220.858 746.514 -62.076 49.351 -639.141 15.577 2.000
2217.187 746.709 -58.519 49.356 -587.592 -34.289 2.000
2213.924 746.575 -55.208 49.361 -628.802 -51.696 2.000
2210.766 746.315 -54.150 49.366 -628.802 -51.696 2.000
2207.714 746.330 -54.149 49.371 -631.500 -32.570 2.000
2204.385 746.305 -54.930 49.376 -678.098 -12.363 2.000
2200.961 746.228 -57.081 49.381 -747.050 9.328 2.000
2197.967 746.100 -60.391 49.387 -748.736 33.999 2.000
2193.798 746.273 -66.053 49.392 -689.676 20.153 2.000
2190.230 746.119 -70.710 49.397 -745.931 38.181 2.000
2186.298 746.349 -75.054 49.402 -766.333 43.081 2.000
2182.582 746.737 -79.498 49.407 -739.004 44.986 2.000
2179.219 746.920 -83.613 49.412 -745.899 11.253 2.000
2175.490 747.073 -87.252 49.417 -695.794 32.073 2.000
2171.803 747.206 -90.742 49.422 -725.501 44.793 2.000
2168.716 747.342 -93.431 49.427 -717.191 46.254 2.000
2164.604 747.516 -96.894 49.432 -694.168 44.509 2.000
2161.029 747.797 -99.497 49.437 -668.648 17.799 2.000
2157.390 747.690 -101.872 49.442 -674.428 4.598 2.000
2154.065 747.904 -103.975 49.447 -713.867 -5.854 2.000
2150.350 747.847 -106.126 49.452 -777.886 11.289 2.000
2146.741 748.095 -107.788 49.457 -751.038 -7.201 2.000
2142.962 748.187 -109.401 49.462 -722.622 26.037 2.000
2139.692 748.143 -110.699 49.467 -732.966 27.807 2.000
2135.865 748.374 -112.078 49.472 -752.360 23.574 2.000
2132.118 748.510 -112.960 49.477 -691.927 54.417 2.000
2129.102 748.676 -113.627 49.482 -637.954 75.585 2.000
2125.437 749.106 -114.224 49.487 -649.802 52.427 2.000
2122.074 749.294 -114.548 49.492 -625.219 49.602 2.000
2119.396 749.515 -114.066 49.497 -627.031 37.015 2.000
2115.822 749.791 -113.954 49.502 -661.530 18.866 2.000
2112.600 749.842 -113.294 49.507 -680.725 14.748 2.000
2108.788 749.635 -112.801 49.512 -712.652 -1.055 2.000
2105.002 749.878 -112.003 49.517 -765.071 -20.482 2.000
2101.624 749.889 -110.855 49.522 -798.972 -11.028 2.000
2097.843 749.890 -109.423 49.527 -717.799 -1.689 2.000
2094.727 749.886 -107.219 49.532 -708.225 7.295 2.000
2090.808 749.862 -105.359 49.537 -734.856 15.185 2.000
2086.824 750.082 -103.279 49.542 -720.574 -4.235 2.000
2083.192 749.926 -100.925 49.547 -691.248 15.889 2.000
2079.772 749.956 -98.107 49.552 -656.367 31.346 2.000
2076.360 750.426 -95.269 49.557 -682.885 31.390 2.000
2073.247 750.632 -91.809 49.562 -714.238 50.324 2.000
2069.667 750.657 -88.397 49.567 -765.845 35.978 2.000
2065.717 750.708 -84.661 49.572 -747.433 21.394 2.000
2061.680 750.776 -81.358 49.577 -691.989 7.491 2.000
2058.380 750.769 -77.370 49.582 -700.850 -3.867 2.000
2055.431 751.095 -72.520 49.587 -666.350 20.532 2.000
2052.114 751.131 -67.940 49.592 -661.693 -3.077 2.000
2048.701 751.219 -63.457 49.597 -604.030 -26.118 2.000
2045.035 751.172 -59.737 49.602 -658.171 9.266 2.000
2041.416 750.914 -56.781 49.608 -652.533 17.532 2.000
2038.483 751.101 -54.131 49.613 -677.454 24.833 2.000
2035.447 751.055 -53.203 49.618 -731.542 82.706 2.000
2031.828 751.419 -53.519 49.623 -714.569 24.181 2.000
2028.284 751.611 -54.466 49.628 -766.095 16.924 2.000
2024.497 751.697 -56.869 49.633 -714.876 66.095 2.000
2020.988 751.885 -60.177 49.638 -691.388 46.802 2.000
2016.990 752.095 -65.073 49.643 -661.638 20.803 2.000
2014.029 752.143 -69.083 49.648 -692.437 48.740 2.000
2010.551 752.381 -73.066 49.653 -666.958 18.982 2.000
2007.299 752.519 -76.628 49.658 -677.845 7.484 2.000
2003.647 752.466 -80.481 49.663 -668.065 -8.442 2.000
2000.624 752.454 -83.768 49.668 -601.164 -23.219 2.000
1997.784 752.641 -86.620 49.673 -597.008 -10.619 2.000
1994.197 752.334 -89.582 49.678 -643.855 0.394 2.000
1990.849 752.350 -92.380 49.683 -632.077 -13.224 2.000
1987.635 752.332 -94.914 49.688 -681.551 -9.925 2.000
1984.579 752.502 -96.743 49.693 -658.763 -2.311 2.000
1981.448 752.230 -98.578 49.698 -658.327 9.582 2.000
1977.859 752.212 -100.579 49.703 -699.011 -4.817 2.000
1974.847 752.229 -101.840 49.708 -725.670 -20.727 2.000
1971.062 752.421 -103.075 49.713 -677.107 -8.580 2.000
1967.317 752.114 -104.454 49.718 -630.234 4.335 2.000
1964.391 751.993 -104.718 49.723 -639.429 -6.702 2.000
1961.387 752.122 -104.587 49.728 -643.713 -10.353 2.000
1957.913 752.119 -104.988 49.733 -653.585 -24.608 2.000
1954.620 751.856 -104.896 49.738 -642.286 -7.469 2.000
1950.768 751.863 -104.716 49.743 -679.694 -15.324 2.000
1947.775 751.884 -104.027 49.748 -712.631 -21.325 2.000
1944.438 751.931 -103.130 49.753 -694.174 -27.549 2.000
1941.013 751.736 -101.881 49.758 -752.076 -8.346 2.000
1937.818 751.784 -100.781 49.763 -697.187 22.942 2.000
1934.584 752.062 -99.052 49.768 -642.709 46.420 2.000
1930.910 752.459 -97.524 49.773 -623.209 86.300 2.000
1927.479 752.640 -95.338 49.778 -652.001 83.235 2.000
1923.855 752.867 -93.107 49.783 -648.546 72.983 2.000
1921.007 753.129 -90.035 49.788 -714.905 54.089 2.000
1917.480 753.207 -87.067 49.793 -774.239 -25.773 2.000
1913.254 753.341 -84.432 49.798 -774.199 -37.559 2.000
1909.941 753.343 -81.173 49.803 -776.116 -44.650 2.000
1906.260 753.403 -77.499 49.808 -772.255 -38.736 2.000
1902.940 753.658 -73.961 49.813 -640.034 -3.592 2.000
1899.896 753.548 -70.131 49.818 -557.580 58.811 2.000
1896.387 753.390 -65.814 49.823 -606.697 31.936 2.000
1893.053 753.234 -62.095 49.828 -608.559 13.331 2.000
1890.091 753.476 -58.961 49.833 -616.390 21.921 2.000
1886.551 753.073 -56.103 49.838 -618.931 -0.107 2.000
1883.803 753.548 -54.318 49.843 -643.964 -48.365 2.000
1881.304 753.572 -52.593 49.848 -608.764 -44.703 2.000
1878.842 753.595 -52.311 49.854 -607.584 -42.875 2.000
1875.602 753.388 -52.467 49.859 -494.329 24.697 2.000
1872.039 753.057 -53.956 49.864 -426.348 92.891 2.000
1870.137 753.290 -57.164 49.869 -446.525 97.040 2.000
1867.953 753.850 -60.713 49.874 -419.209 92.441 2.000
1865.491 754.164 -64.758 49.879 -443.968 76.883 2.000
1862.950 754.540 -68.517 49.884 -554.102 49.561 2.000
1860.566 754.746 -71.516 49.889 -584.331 35.849 2.000
1857.240 754.791 -75.339 49.894 -657.179 -8.816 2.000
1854.110 755.041 -78.329 49.899 -714.894 -26.605 2.000
1850.402 754.955 -81.114 49.904 -760.174 -12.606 2.000
1846.615 754.880 -83.809 49.909 -761.257 -17.902 2.000
1843.172 755.032 -86.347 49.914 -823.834 12.957 2.000
1839.430 755.185 -88.669 49.919 -751.404 39.736 2.000
1835.880 755.157 -90.463 49.924 -692.936 32.239 2.000
1832.676 755.262 -91.921 49.929 -674.132 52.198 2.000
1828.471 755.360 -93.866 49.934 -628.911 65.712 2.000
1825.178 755.736 -95.105 49.939 -651.437 9.722 2.000
1821.754 755.859 -95.864 49.944 -638.843 -18.849 2.000
1818.210 755.530 -96.370 49.949 -684.287 -43.202 2.000
1814.612 755.343 -96.951 49.954 -773.632 -89.427 2.000
1811.220 754.983 -96.787 49.959 -820.699 -97.799 2.000
1807.264 754.742 -96.694 49.964 -826.851 -64.245 2.000
1803.524 754.748 -96.644 49.969 -745.433 -55.223 2.000
1799.587 754.273 -96.505 49.974 -661.103 -40.132 2.000
1796.372 754.024 -95.615 49.979 -713.780 -21.475 2.000
1792.713 753.886 -94.661 49.984 -649.175 16.013 2.000
1789.315 753.865 -93.186 49.989 -600.530 43.990 2.000
1785.945 754.254 -91.897 49.994 -602.788 67.787 2.000
1782.974 754.469 -90.057 49.999 -639.430 47.663 2.000
1779.869 754.726 -88.258 50.004 -640.958 22.312 2.000
1777.171 754.720 -86.440 50.009 -649.591 23.394 2.000
1773.602 754.823 -84.123 50.014 -645.553 49.663 2.000
1770.370 755.072 -81.434 50.019 -645.553 49.663 2.000
1766.979 755.518 -78.309 50.024 -629.024 35.693 2.000
1763.743 755.519 -75.299 50.029 -663.423 13.593 2.000
1760.270 755.581 -72.104 50.034 -664.864 -8.010 2.000
1757.453 755.488 -68.643 50.039 -619.793 30.212 2.000
1754.423 755.581 -64.428 50.044 -617.257 6.346 2.000
1751.263 755.801 -60.857 50.049 -629.736 16.444 2.000
1747.985 755.607 -57.454 50.055 -622.727 -18.222 2.000
1744.825 755.837 -55.727 50.060 -567.410 -16.256 2.000
1742.050 755.609 -54.286 50.065 -549.869 -14.449 2.000
1739.100 755.347 -53.837 50.070 -542.382 -5.194 2.000
1736.526 755.538 -53.583 50.075 -548.241 3.885 2.000
1733.875 755.707 -54.564 50.080 -604.032 7.515 2.000
1730.890 755.579 -57.793 50.085 -667.224 30.062 2.000
1727.230 755.777 -61.298 50.090 -668.846 43.856 2.000
1724.081 756.071 -64.859 50.095 -633.649 57.016 2.000
1721.257 756.219 -68.112 50.100 -661.549 39.347 2.000
1717.874 756.117 -71.107 50.105 -697.646 45.744 2.000
1714.491 756.479 -74.468 50.110 -684.410 46.073 2.000
1711.155 756.766 -77.038 50.115 -681.552 5.701 2.000
1707.480 756.884 -79.603 50.120 -643.081 18.169 2.000
1704.082 757.129 -81.847 50.125 -673.544 16.769 2.000
1701.083 757.367 -83.570 50.130 -618.291 48.296 2.000
1698.147 757.543 -85.084 50.135 -624.194 38.457 2.000
1694.755 757.445 -86.465 50.140 -648.924 53.538 2.000
1691.419 757.633 -87.454 50.145 -613.461 35.864 2.000
1688.588 758.034 -88.415 50.150 -612.841 34.386 2.000
1685.612 758.135 -88.715 50.155 -572.511 52.818 2.000
1682.431 758.588 -89.328 50.160 -592.973 40.278 2.000
1679.521 758.776 -89.460 50.165 -600.832 31.273 2.000
1676.679 758.963 -89.509 50.170 -582.380 29.490 2.000
1673.270 758.884 -89.311 50.175 -619.632 51.164 2.000
1670.082 759.056 -88.835 50.180 -610.655 41.574 2.000
1667.224 759.436 -87.794 50.185 -674.871 47.899 2.000
1663.986 759.739 -87.115 50.190 -711.646 16.868 2.000
1660.704 759.760 -85.786 50.195 -690.608 10.832 2.000
1657.232 759.814 -84.438 50.200 -690.608 10.832 2.000
1653.566 760.024 -82.951 50.205 -666.453 30.415 2.000
1650.309 760.022 -81.313 50.210 -693.015 15.608 2.000
1646.931 760.210 -79.095 50.215 -607.286 28.876 2.000
1644.061 760.264 -76.772 50.220 -603.641 5.823 2.000
1640.834 760.361 -74.259 50.225 -561.889 -15.589 2.000
1637.858 760.348 -71.435 50.230 -617.964 -3.128 2.000
1634.660 760.344 -68.282 50.235 -605.817 22.123 2.000
1631.895 760.553 -65.187 50.240 -605.180 24.936 2.000
1628.765 760.775 -61.618 50.245 -582.489 22.054 2.000
1625.878 760.722 -59.099 50.250 -604.406 42.599 2.000
1623.265 761.095 -56.624 50.255 -624.581 56.410 2.000
1619.951 761.149 -55.276 50.260 -615.512 85.997 2.000
1616.908 761.447 -53.976 50.266 -578.848 48.183 2.000
1614.012 761.638 -54.458 50.271 -574.799 67.427 2.000
1611.161 762.054 -55.316 50.276 -528.624 31.424 2.000
1608.345 762.199 -56.504 50.281 -553.022 33.196 2.000
1605.345 762.350 -58.850 50.286 -589.031 30.184 2.000
1602.336 762.653 -62.435 50.291 -605.082 43.009 2.000
1599.470 762.870 -65.525 50.296 -619.365 20.684 2.000
1596.419 762.932 -68.455 50.301 -613.618 45.043 2.000
1593.605 763.039 -70.901 50.306 -680.134 58.185 2.000
1590.276 763.282 -73.343 50.311 -662.728 63.125 2.000
1587.276 763.651 -75.128 50.316 -623.544 43.361 2.000
1583.982 763.787 -77.361 50.321 -586.102 38.914 2.000
1580.773 764.112 -79.063 50.326 -600.078 51.639 2.000
1577.830 764.323 -80.301 50.331 -618.444 29.800 2.000
1574.819 764.394 -81.399 50.336 -625.636 53.041 2.000
1571.590 764.668 -82.257 50.341 -621.901 28.792 2.000
1568.857 765.006 -82.786 50.346 -590.554 40.725 2.000
1565.668 765.164 -83.537 50.351 -595.403 45.622 2.000
1562.979 765.338 -83.587 50.356 -597.508 42.647 2.000
1559.531 765.496 -84.023 50.361 -608.445 32.687 2.000
1556.346 765.727 -83.360 50.366 -608.048 14.311 2.000
1553.219 765.683 -83.165 50.371 -676.986 23.130 2.000
1549.872 765.817 -82.567 50.376 -681.070 10.264 2.000
1546.683 765.986 -81.530 50.381 -692.093 1.338 2.000
1543.733 765.987 -80.141 50.386 -677.167 1.014 2.000
1540.363 766.170 -79.095 50.391 -630.231 25.348 2.000
1537.323 766.328 -77.151 50.396 -617.515 43.621 2.000
1534.001 766.493 -75.224 50.401 -544.152 56.435 2.000
1531.126 766.538 -72.855 50.406 -545.031 33.854 2.000
1528.146 766.906 -70.610 50.411 -586.606 27.046 2.000
1524.889 766.947 -67.489 50.416 -581.926 38.836 2.000
1521.992 767.191 -64.132 50.421 -654.915 42.301 2.000
1518.873 767.403 -60.335 50.426 -688.544 31.797 2.000
1516.519 768.076 -57.646 50.431 -553.692 71.485 2.000
1513.181 768.230 -54.636 50.436 -612.711 80.559 2.000
1509.965 768.235 -52.360 50.441 -629.097 56.672 2.000
1506.491 768.148 -50.314 50.446 -606.522 11.361 2.000
1503.440 768.205 -49.412 50.451 -606.522 11.361 2.000
-14364.391 -301.015 -840.061 50.456 603095.112 141430.858 2.000
15.432 -870.822 -1917.268 50.461 -75896.013 208216.438 2.000
-365.869 175.256 -1960.824 50.466 -75896.013 208216.438 2.000
-10958.047 8430.311 -6827.637 50.471 -700254.682 422615.905 2.000
1487.920 758.611 -63.348 50.476 -576.279 10.443 1.000
1484.827 758.553 -65.965 50.481 -609.945 43.016 1.000
1482.138 758.916 -68.257 50.486 -634.802 25.313 1.000
1478.790 758.968 -70.698 50.491 -607.258 61.598 1.000
1476.022 759.417 -72.557 50.496 -624.755 95.409 1.000
1472.855 759.737 -74.290 50.501 -637.393 86.743 1.000
