2479.149 887.484 -482.582 47.575 -443.666 32.182 2.000
2475.715 887.912 -479.632 47.580 -143.393 -112.231 2.000
2473.982 887.565 -475.460 47.585 -395.943 -90.816 2.000
2469.356 888.105 -468.409 47.590 -101.395 -280.332 2.000
2468.135 886.724 -460.433 47.595 -282.186 -217.866 2.000
2470.174 884.153 -448.134 47.600 505.267 -549.529 2.000
35322.604 -57497.719 -5196.816 47.848 -13969343.099 22977783.477 2.000
-6144.876 3682.660 -3030.466 47.853 2457179.140 -4038551.139 2.000
-278236.804 446326.660 -12385.902 48.077 48657054.438 -80068292.355 2.000
-77668.125 133417.801 -6011.873 48.082 27414248.409 -45102498.478 2.000
4567.731 -11876.609 -1690.776 48.087 -3014622.101 4958698.682 2.000
2227.173 -1749.417 -4525.849 48.092 -4118618.249 6774545.249 2.000
3880.915 2789.985 -743.837 48.097 -1754874.855 2887372.846 2.000
6261.522 -9137.288 -3855.537 48.102 7045956.359 -11592444.061 2.000
-165239.843 279424.701 -22272.078 48.107 -43514116.870 71553235.515 2.000
3509.392 -12316.696 233.225 48.112 1927189.481 -3177701.282 2.000
11773.012 -59443.147 1281.528 48.323 -4907369.551 8070259.709 2.000
-12821.421 -18997.147 1296.015 48.328 -4907369.551 8070259.709 2.000
-9627.933 -1264.957 -4182.077 48.333 5368602.836 -8829877.388 2.000
-24747.959 37302.918 -3367.547 48.339 -5511086.507 9065243.148 2.000
-519647.614 -202344.043 -61248.035 48.740 62308812.039 23965877.160 2.000
-111265.146 146202.559 -3316.182 48.745 23956739.679 -28203731.468 2.000
-1572.972 899.461 -2440.127 48.750 305753.755 197702.631 2.000
3242.411 2426.515 -5068.606 48.755 1258274.871 -284707.685 2.000
-1093.292 2023.018 -3466.414 48.760 -99835.348 107828.340 2.000
-3990.858 100.238 -650.230 48.765 48312.771 -63973.753 2.000
2383.507 870.521 -386.070 48.770 -390.693 -248.386 2.000
2377.833 870.424 -384.025 48.775 -213.664 -303.826 2.000
2376.152 869.143 -385.763 48.780 -1173.536 -3.207 2.000
2373.478 868.342 -385.753 48.785 -1100.891 16.429 2.000
2370.100 867.639 -382.265 48.790 -6.345 -336.664 2.000
2367.375 866.750 -380.497 48.795 156.626 -338.820 2.000
