2242.233 834.813 -383.199 49.086 1341.525 -983.361 2.000
2252.630 828.062 -378.637 49.091 379.847 -475.786 2.000
2250.185 827.423 -376.761 49.096 504.411 -507.285 2.000
2252.189 825.222 -383.388 49.101 -817.783 27.741 2.000
2251.357 823.949 -385.698 49.106 -783.403 62.149 2.000
2251.680 822.534 -387.897 49.111 -809.512 48.375 2.000
2248.419 822.550 -384.351 49.116 603.676 -467.172 2.000
2247.775 821.559 -384.524 49.121 503.482 -401.260 2.000
2246.191 820.841 -385.341 49.126 498.415 -401.410 2.000
2245.394 820.271 -385.650 49.131 493.481 -424.230 2.000
2243.907 819.531 -385.485 49.136 522.794 -440.916 2.000
2247.126 817.045 -395.486 49.141 -901.304 28.974 2.000
2245.895 815.811 -398.691 49.146 -913.676 20.995 2.000
2243.409 815.123 -394.753 49.151 442.362 -467.891 2.000
2241.405 814.375 -395.808 49.156 415.616 -454.159 2.000
2239.550 813.602 -396.295 49.161 426.816 -505.116 2.000
2238.204 812.534 -395.980 49.166 409.585 -470.247 2.000
2236.722 811.480 -395.577 49.171 288.621 -427.402 2.000
2238.399 809.243 -404.219 49.176 -1005.179 78.007 2.000
2231.575 809.990 -394.397 49.181 -1748.972 353.588 2.000
2222.767 811.771 -379.346 49.186 -1748.972 353.588 2.000
2211.756 814.372 -359.049 49.191 -2441.143 611.146 2.000
2293.314 745.069 -128.866 49.251 -671.608 48.558 2.000
2289.931 745.312 -126.964 49.256 -658.394 35.635 2.000
2286.505 745.386 -125.072 49.261 -683.047 15.276 2.000
2282.682 745.556 -122.945 49.266 -729.746 26.774 2.000
2278.997 745.797 -120.863 49.271 -706.909 23.232 2.000
2275.636 745.739 -118.440 49.276 -676.155 47.969 2.000
