2849.452 920.996 367.031 28.599 2217.017 26.849 -1720.202
2861.953 920.719 358.054 28.604 1996.156 94.810 2.000
2861.953 920.719 358.054 28.604 1996.156 94.810 -1609.964
2871.556 921.333 349.714 28.609 2024.756 85.876 2.000
2871.556 921.333 349.714 28.609 2024.756 85.876 -1590.106
2881.467 921.460 341.605 28.614 2013.886 74.237 2.000
2881.467 921.460 341.605 28.614 2013.886 74.237 -1646.623
2891.531 921.667 332.938 28.619 1897.863 67.357 2.000
2891.531 921.667 332.938 28.619 1897.863 67.357 -1644.676
2930.836 922.896 297.644 28.640 1881.648 17.239 2.000
2930.836 922.896 297.644 28.640 1881.648 17.239 -1824.319
2941.037 923.207 287.130 28.645 1910.231 28.451 2.000
2941.037 923.207 287.130 28.645 1910.231 28.451 -1900.866
2950.295 923.170 277.760 28.650 1930.096 27.503 2.000
2950.295 923.170 277.760 28.650 1930.096 27.503 -1958.836
2960.060 923.392 267.486 28.655 1906.354 72.928 2.000
2960.060 923.392 267.486 28.655 1906.354 72.928 -2022.881
2969.575 923.739 257.315 28.660 1913.304 58.051 2.000
2969.575 923.739 257.315 28.660 1913.304 58.051 -2073.398
2979.660 924.233 246.757 28.665 1915.980 64.770 2.000
2979.660 924.233 246.757 28.665 1915.980 64.770 -2104.208
2989.059 924.443 236.231 28.670 1833.582 95.344 2.000
2989.059 924.443 236.231 28.670 1833.582 95.344 -2167.931
2998.553 924.751 225.319 28.675 1810.136 66.975 2.000
2998.553 924.751 225.319 28.675 1810.136 66.975 -2168.634
3007.166 925.120 214.564 28.680 1875.911 74.329 2.000
3007.166 925.120 214.564 28.680 1875.911 74.329 -2259.812
3016.341 925.592 203.592 28.685 1848.310 85.134 2.000
3016.341 925.592 203.592 28.685 1848.310 85.134 -2241.177
3025.833 925.879 192.045 28.690 1819.203 87.494 2.000
3025.833 925.879 192.045 28.690 1819.203 87.494 -2287.983
3034.662 926.430 180.414 28.695 1751.462 58.289 2.000
3034.662 926.430 180.414 28.695 1751.462 58.289 -2269.940
3043.270 926.590 169.315 28.700 1709.143 45.016 2.000
3043.270 926.590 169.315 28.700 1709.143 45.016 -2293.826
3052.777 927.084 159.292 28.705 1739.068 71.088 2.000
3052.777 927.084 159.292 28.705 1739.068 71.088 -2059.015
3060.191 927.907 150.800 28.710 1703.689 159.780 2.000
3060.191 927.907 150.800 28.710 1703.689 159.780 -1692.431
3070.272 928.207 143.735 28.715 1898.902 154.531 2.000
3070.272 928.207 143.735 28.715 1898.902 154.531 -1142.737
3079.978 928.952 138.543 28.720 1948.079 158.285 2.000
3079.978 928.952 138.543 28.720 1948.079 158.285 -846.589
3090.391 929.700 134.660 28.725 2117.835 146.402 2.000
3090.391 929.700 134.660 28.725 2117.835 146.402 -223.257
3101.217 930.156 132.320 28.730 2306.334 153.106 2.000
3101.217 930.156 132.320 28.730 2306.334 153.106 355.999
3112.254 930.815 133.510 28.735 2409.875 151.411 2.000
3112.254 930.815 133.510 28.735 2409.875 151.411 594.368
3124.540 931.290 134.714 28.740 2626.292 80.678 2.000
3124.540 931.290 134.714 28.740 2626.292 80.678 849.389
3136.631 932.322 138.401 28.745 2544.932 60.241 2.000
3136.631 932.322 138.401 28.745 2544.932 60.241 929.473
3148.329 932.968 143.130 28.750 2585.682 60.334 2.000
3148.329 932.968 143.130 28.750 2585.682 60.334 983.042
3137.998 940.131 166.194 28.755 -1537.278 1334.157 2.000
3129.868 947.198 180.728 28.760 -1614.597 1324.506 2.000
3123.450 954.083 193.166 28.765 -2705.700 1742.184 2.000
3103.403 965.516 216.248 28.770 -4873.753 2499.930 2.000
3084.398 976.330 238.948 28.775 -6138.943 2952.229 2.000
