361.549 317.933 125.487 11.385 2794.153 197.889 1.000
375.418 318.973 107.717 11.390 2724.846 209.287 1.000
389.203 319.778 95.835 11.395 2680.475 189.157 1.000
401.948 320.669 89.740 11.400 2559.538 188.462 1.000
413.994 321.633 84.895 11.405 2299.336 190.175 1.000
425.612 322.179 83.428 11.410 2132.489 153.245 1.000
435.836 322.754 83.943 11.416 1944.245 144.439 1.000
446.211 323.452 87.173 11.421 1796.191 109.447 1.000
455.700 324.293 95.356 11.426 1687.381 114.274 1.000
463.991 325.125 109.029 11.431 1648.225 106.026 1.000
472.310 325.635 123.893 11.436 1614.519 123.654 1.000
481.021 326.099 139.794 11.441 1571.817 122.666 1.000
488.803 327.048 154.881 11.446 1638.465 130.985 1.000
497.009 327.670 169.728 11.451 1680.567 142.683 1.000
505.852 328.127 184.599 11.456 1685.792 166.079 1.000
514.156 329.209 199.252 11.461 1749.652 172.370 1.000
522.932 329.991 213.815 11.466 1730.256 174.366 1.000
531.904 330.871 228.374 11.471 1727.922 161.742 1.000
540.312 331.474 242.229 11.476 1743.898 147.412 1.000
548.713 332.179 255.805 11.481 1698.740 149.300 1.000
557.312 332.817 268.750 11.486 1666.239 129.826 1.000
565.511 333.717 281.540 11.491 1603.580 104.434 1.000
573.998 334.191 294.415 11.496 1577.857 105.139 1.000
582.160 334.805 307.237 11.501 1533.797 89.621 1.000
589.667 335.378 319.055 11.506 1535.574 100.746 1.000
597.632 335.741 330.707 11.511 1532.263 107.760 1.000
606.093 336.345 342.019 11.516 1593.506 107.437 1.000
614.210 336.956 352.956 11.521 1634.304 126.970 1.000
622.493 337.569 363.408 11.526 1693.431 119.389 1.000
630.681 338.334 373.709 11.532 1681.342 156.531 1.000
638.358 338.901 384.455 11.537 1650.601 133.707 1.000
646.343 339.380 394.404 11.542 1594.977 143.328 1.000
654.396 340.124 403.020 11.547 1579.111 139.466 1.000
662.657 340.748 411.317 11.552 1588.742 119.796 1.000
671.090 341.357 419.477 11.557 1563.776 125.742 1.000
679.242 342.184 427.441 11.562 1528.035 127.148 1.000
687.043 342.808 435.298 11.567 1583.805 122.086 1.000
694.912 343.360 442.584 11.572 1621.029 131.272 1.000
702.629 344.226 450.295 11.577 1655.752 117.026 1.000
710.791 344.603 458.310 11.582 1669.175 133.050 1.000
718.761 345.070 465.239 11.587 1588.001 115.254 1.000
726.987 345.485 472.237 11.592 1551.130 85.864 1.000
734.924 345.952 479.653 11.597 1520.078 81.273 1.000
742.871 346.641 486.637 11.602 1540.770 78.590 1.000
750.798 347.066 493.979 11.607 1564.943 63.866 1.000
758.543 347.251 501.406 11.612 1515.316 55.866 1.000
766.341 347.631 507.496 11.617 1546.618 53.675 1.000
774.351 347.797 513.856 11.622 1589.297 55.887 1.000
775.005 352.750 509.120 11.627 1891.391 213.632 2.000
784.330 353.715 513.615 11.633 1845.097 192.167 2.000
792.848 354.927 518.470 11.638 1800.813 153.400 2.000
801.065 355.910 523.408 11.643 1730.728 144.396 2.000
810.513 356.984 527.720 11.648 1584.666 109.843 2.000
818.686 357.196 531.497 11.653 1561.990 114.397 2.000
827.230 357.814 535.627 11.658 1551.430 151.147 2.000
835.507 358.211 538.837 11.663 1535.812 149.544 2.000
843.435 358.880 541.807 11.668 1552.963 141.891 2.000
851.181 359.747 544.860 11.673 1612.315 128.321 2.000
859.118 360.429 547.836 11.678 1618.084 107.116 2.000
867.173 360.997 550.438 11.683 1665.261 90.742 2.000
875.222 361.560 552.823 11.688 1624.664 98.750 2.000
883.693 361.994 554.480 11.693 1575.238 109.749 2.000
892.047 362.225 555.908 11.698 1576.840 91.786 2.000
900.197 362.688 557.746 11.703 1633.413 83.312 2.000
908.504 363.225 558.937 11.708 1639.906 94.483 2.000
916.776 363.563 560.016 11.713 1651.846 58.676 2.000
925.379 364.152 561.033 11.718 1692.059 75.166 2.000
933.532 364.538 561.861 11.723 1683.898 96.094 2.000
941.558 365.251 562.393 11.729 1617.714 133.547 2.000
949.681 365.870 563.219 11.734 1636.622 147.246 2.000
958.021 366.457 562.977 11.739 1536.328 190.513 2.000
965.567 367.473 562.579 11.744 1517.677 195.508 2.000
973.496 368.289 562.061 11.749 1499.460 183.311 2.000
980.961 369.002 561.138 11.754 1468.742 172.691 2.000
988.439 369.716 560.157 11.759 1434.757 179.790 2.000
996.463 370.727 558.629 11.764 1482.494 133.346 2.000
1003.590 371.444 557.177 11.769 1539.248 126.054 2.000
1011.386 372.309 555.115 11.774 1601.621 104.367 2.000
1019.575 372.815 552.262 11.779 1613.510 102.776 2.000
1027.630 373.351 549.486 11.784 1619.218 113.315 2.000
1035.709 374.127 546.956 11.789 1632.548 131.275 2.000
1043.409 374.864 543.935 11.794 1593.376 167.630 2.000
1050.893 375.801 541.103 11.799 1562.448 192.250 2.000
1059.071 376.729 537.974 11.804 1521.478 200.421 2.000
-2594.539 -66.535 3228.829 11.809 47151.020 -24084.824 2.000
-1648.897 -1273.297 2274.806 11.814 43444.863 -152716.229 2.000
-2077.594 544.160 2098.464 11.819 53412.209 -61429.773 2.000
-1982.113 -183.407 2260.147 11.824 13272.178 -43435.620 2.000
1103.053 371.772 539.069 11.829 1570.248 142.311 1.000
1110.995 372.458 533.442 11.834 1583.511 134.364 1.000
1118.964 373.317 528.098 11.839 1599.654 172.131 1.000
1127.104 374.019 522.683 11.845 1600.614 153.236 1.000
1134.885 374.481 516.842 11.850 1533.655 139.211 1.000
1142.526 374.936 511.080 11.855 1528.740 108.090 1.000
1150.485 375.545 505.370 11.860 1553.850 121.541 1.000
1157.863 376.097 499.633 11.865 1567.493 98.550 1.000
1157.310 386.559 475.214 11.870 1451.782 140.901 2.000
1164.704 387.315 468.416 11.875 1478.530 155.988 2.000
1172.213 388.051 461.353 11.880 1463.922 146.262 2.000
1179.755 388.723 453.871 11.885 1484.194 141.339 2.000
1187.228 389.407 446.388 11.890 1457.764 142.176 2.000
1194.640 390.174 438.877 11.895 1461.917 141.102 2.000
1202.140 390.529 430.440 11.900 1487.096 118.455 2.000
1209.340 391.161 422.345 11.905 1477.498 97.041 2.000
1216.635 391.570 413.945 11.910 1446.417 89.204 2.000
1223.974 392.224 405.056 11.915 1469.676 79.793 2.000
1231.558 392.663 395.966 11.920 1412.927 66.838 2.000
1238.743 393.170 386.540 11.925 1423.953 101.776 2.000
1246.229 393.728 377.337 11.930 1426.178 107.138 2.000
1253.269 394.241 367.700 11.935 1425.388 113.170 2.000
1260.776 394.779 357.483 11.940 1419.829 143.163 2.000
1267.929 395.353 347.193 11.945 1454.152 147.814 2.000
1274.732 396.186 337.235 11.951 1440.691 146.762 2.000
1282.114 396.738 326.309 11.956 1428.036 133.744 2.000
1289.367 397.480 315.332 11.961 1379.393 118.142 2.000
1296.339 398.035 304.445 11.966 1358.369 106.524 2.000
1303.516 398.806 293.427 11.971 1398.392 110.528 2.000
1310.636 399.317 281.738 11.976 1387.698 118.206 2.000
1317.561 399.811 269.594 11.981 1391.535 111.955 2.000
1324.695 400.323 257.613 11.986 1373.141 89.753 2.000
1331.112 400.905 245.308 11.991 1331.310 106.612 2.000
1337.647 401.463 232.961 11.996 1333.447 103.154 2.000
1345.011 402.015 220.096 12.001 1318.833 130.922 2.000
1351.802 402.771 207.500 12.006 1361.665 130.004 2.000
1358.827 403.307 194.557 12.011 1339.888 124.569 2.000
1365.407 404.030 181.543 12.016 1281.211 131.084 2.000
1371.823 404.362 167.906 12.021 1314.704 112.978 2.000
1378.393 405.123 154.352 12.026 1314.372 140.289 2.000
1384.796 405.771 140.150 12.031 1292.463 130.769 2.000
1391.411 406.586 125.709 12.036 1309.717 113.114 2.000
1398.427 407.121 111.148 12.041 1270.138 107.340 2.000
1405.134 407.659 96.971 12.047 1267.153 101.539 2.000
1411.468 408.021 82.364 12.052 1287.114 88.380 2.000
1418.514 408.302 70.416 12.057 1380.989 76.567 2.000
1425.068 409.035 61.893 12.062 1418.482 75.666 2.000
1432.312 409.958 52.290 12.067 1426.079 130.739 2.000
1438.837 410.427 49.044 12.072 1399.704 64.808 2.000
1445.911 410.605 47.736 12.077 1421.464 66.738 2.000
1453.540 409.874 50.895 12.082 1392.953 97.157 2.000
1460.819 410.128 55.727 12.087 1403.115 105.916 2.000
1467.771 410.994 64.837 12.092 1432.761 26.793 2.000
1475.368 411.347 74.322 12.097 1452.867 48.262 2.000
1482.950 411.590 87.277 12.102 1430.706 60.984 2.000
1489.695 411.828 100.615 12.107 1456.967 62.265 2.000
1497.129 412.107 113.247 12.112 1486.881 113.722 2.000
1504.540 412.877 126.000 12.117 1473.922 87.616 2.000
1512.129 413.251 138.554 12.122 1449.768 80.826 2.000
1519.489 413.697 150.495 12.127 1450.074 102.164 2.000
1526.894 413.892 161.541 12.132 1486.520 87.336 2.000
1534.354 414.146 172.765 12.137 1479.396 61.347 2.000
1541.459 414.768 183.646 12.142 1399.145 58.731 2.000
1548.266 414.890 194.406 12.148 1375.117 34.209 2.000
1555.450 415.269 204.880 12.153 1367.294 24.998 2.000
1562.511 415.416 215.781 12.158 1359.855 22.580 2.000
1569.869 415.478 225.785 12.163 1399.663 21.013 2.000
1576.804 415.962 235.261 12.168 1419.474 63.369 2.000
1584.239 416.224 244.847 12.173 1426.018 63.193 2.000
1591.360 416.440 254.076 12.178 1442.362 99.428 2.000
1598.513 416.744 263.178 12.183 1503.411 89.665 2.000
1605.425 417.131 271.866 12.188 1523.932 68.865 2.000
1613.190 417.454 280.111 12.193 1452.642 86.307 2.000
1620.916 418.047 288.422 12.198 1461.989 87.867 2.000
1628.288 418.244 296.038 12.203 1459.077 76.708 2.000
1635.576 418.728 302.946 12.208 1436.503 70.491 2.000
1642.764 419.013 310.400 12.213 1442.198 27.136 2.000
1649.890 419.074 317.160 12.218 1403.737 50.081 2.000
1657.065 419.309 323.528 12.223 1410.398 29.764 2.000
1663.923 419.306 330.165 12.228 1359.246 26.604 2.000
1670.930 419.558 336.966 12.233 1386.107 16.850 2.000
1677.863 420.002 342.868 12.238 1348.891 27.575 2.000
1684.838 420.294 348.157 12.243 1375.340 37.925 2.000
1691.706 420.563 353.687 12.248 1379.130 87.522 2.000
1698.214 420.839 358.440 12.254 1343.053 77.774 2.000
1704.874 421.090 363.531 12.259 1327.464 107.601 2.000
1712.077 421.170 367.597 12.264 1401.037 45.766 2.000
1719.535 421.507 372.303 12.269 1422.267 44.516 2.000
1726.951 421.721 376.397 12.274 1532.936 11.771 2.000
1734.096 422.248 379.726 12.279 1471.771 40.050 2.000
1741.073 422.314 382.705 12.284 1457.343 4.465 2.000
1748.051 422.460 385.916 12.289 1414.570 9.314 2.000
1754.837 422.585 388.809 12.294 1412.591 7.310 2.000
1761.773 422.645 391.909 12.299 1400.594 50.806 2.000
1769.688 423.113 394.808 12.304 1388.145 90.529 2.000
1777.335 423.263 397.475 12.309 1300.051 124.386 2.000
1784.207 423.697 399.564 12.314 1288.790 102.470 2.000
1790.667 424.109 401.257 12.319 1368.237 67.883 2.000
1796.870 424.607 402.923 12.324 1401.504 62.950 2.000
1803.818 424.720 404.049 12.329 1373.609 99.277 2.000
1810.778 425.262 405.425 12.334 1346.266 67.088 2.000
1818.108 425.637 406.200 12.339 1329.933 47.152 2.000
1825.010 425.996 407.164 12.344 1354.336 39.307 2.000
1831.798 426.369 407.073 12.349 1292.667 55.584 2.000
1838.549 426.322 407.000 12.354 1358.345 58.818 2.000
1845.108 426.661 406.458 12.359 1357.280 64.040 2.000
1851.841 426.994 406.248 12.364 1344.341 56.803 2.000
1858.365 427.362 405.626 12.369 1351.499 41.956 2.000
1865.434 427.524 404.759 12.374 1339.137 42.938 2.000
1872.394 427.721 404.199 12.380 1324.248 46.648 2.000
1879.161 427.891 402.782 12.385 1313.932 35.500 2.000
1885.595 428.094 401.155 12.390 1332.977 15.884 2.000
1892.584 428.331 398.792 12.395 1383.895 35.931 2.000
1899.242 428.694 396.645 12.400 1331.551 78.664 2.000
1905.444 429.228 394.461 12.405 1322.187 83.811 2.000
1912.219 429.592 391.807 12.410 1313.522 106.225 2.000
1918.990 429.999 388.834 12.415 1277.840 109.549 2.000
1925.491 430.377 386.071 12.420 1244.616 115.649 2.000
1932.166 430.938 382.629 12.425 1277.232 128.174 2.000
1939.215 431.231 378.662 12.430 1358.847 102.048 2.000
1946.219 431.558 374.710 12.435 1382.384 68.035 2.000
1953.163 432.020 370.379 12.440 1378.784 29.722 2.000
1959.504 432.274 365.884 12.445 1428.512 7.287 2.000
1966.384 432.310 361.310 12.450 1391.774 0.608 2.000
1973.289 432.209 356.600 12.455 1369.165 -8.872 2.000
1980.311 432.408 351.444 12.460 1367.166 12.951 2.000
1986.798 432.353 346.152 12.465 1262.838 12.115 2.000
1993.369 432.680 340.452 12.470 1237.407 12.291 2.000
2000.076 432.875 334.578 12.475 1240.958 71.492 2.000
2006.082 433.135 328.526 12.480 1262.077 81.077 2.000
2012.579 433.575 322.518 12.485 1309.264 102.766 2.000
2019.010 433.942 316.615 12.490 1325.347 115.172 2.000
2025.327 434.398 310.502 12.495 1273.656 102.610 2.000
2031.633 434.987 303.577 12.500 1266.771 113.593 2.000
2038.309 435.336 295.963 12.505 1280.624 85.783 2.000
2044.482 435.540 288.522 12.510 1311.687 77.996 2.000
2051.323 436.085 280.498 12.516 1247.994 41.509 2.000
2058.221 436.617 272.626 12.521 1273.081 38.157 2.000
2064.776 436.649 264.567 12.526 1334.240 38.108 2.000
2071.739 437.072 256.139 12.531 1376.959 40.531 2.000
2077.169 437.703 247.246 12.536 1276.048 100.938 2.000
2083.500 437.952 237.518 12.541 1287.780 84.563 2.000
2090.818 438.184 227.445 12.546 1319.762 64.477 2.000
2097.379 438.386 217.926 12.551 1285.303 83.395 2.000
2103.840 438.857 208.215 12.556 1290.279 73.513 2.000
8683.964 3569.233 -26244.512 12.561 -730097.752 -141256.144 2.000
-690.872 -1044.034 1877.782 12.566 -28548.450 -21181.310 2.000
-2777.035 -1228.434 2574.629 12.571 143508.579 -64641.337 2.000
-2881.899 2234.759 2453.971 12.576 46816.935 311006.179 2.000
-30523.391 49329.888 4530.428 12.581 -6987364.891 11382491.717 2.000
1836.165 584.308 298.982 12.586 -339.067 -39.439 5.000
1845.592 581.259 288.862 12.591 -379.760 -96.351 5.000
1839.869 587.069 283.536 12.596 -460.250 -127.040 5.000
1835.328 592.824 277.726 12.601 -502.395 -134.547 5.000
1820.253 600.722 278.404 12.606 -481.260 -74.439 5.000
1817.827 605.502 270.799 12.611 -484.140 -62.951 5.000
1815.220 609.870 262.874 12.616 -473.085 -43.045 5.000
1822.364 609.691 252.496 12.621 -403.337 -12.033 5.000
1832.292 605.954 241.092 12.626 -397.355 -37.964 5.000
2118.459 478.009 95.224 12.631 4631.537 -1493.294 2.000
2141.519 469.777 80.429 12.636 4654.467 -1549.249 2.000
-270.462 735.911 17689.663 12.641 1916524.970 -359739.955 2.000
-8312.090 486.398 4012.136 12.654 510368.774 102092.913 2.000
-3525.410 2262.178 7077.408 12.659 1771960.879 499785.817 2.000
1657.294 231.926 1623.223 12.729 176014.067 7857.915 2.000
-852.748 199.240 2298.569 12.734 122253.707 -10788.100 2.000
