619.302 573.320 291.964 27.533 2069.795 314.357 1.000
629.401 574.915 305.150 27.538 2004.873 311.836 1.000
639.202 576.416 317.060 27.543 1963.157 299.339 1.000
649.307 577.575 329.435 27.548 1893.798 317.874 1.000
659.119 579.024 342.007 27.553 1829.268 320.339 1.000
669.122 580.596 353.297 27.558 1698.460 315.960 1.000
675.938 581.256 363.339 27.563 1655.481 190.926 1.000
684.822 583.031 373.493 27.569 1648.289 231.280 1.000
693.454 584.462 383.057 27.574 1706.295 240.110 1.000
-3509.390 1045.722 3668.991 27.579 -29562.086 56344.416 2.000
702.356 589.076 386.010 27.584 2129.169 450.984 2.000
712.732 591.118 395.360 27.589 2065.016 410.887 2.000
722.863 593.202 404.406 27.594 2036.901 412.174 2.000
733.433 595.182 413.922 27.599 1895.796 357.432 2.000
742.811 596.863 422.501 27.604 1923.227 375.499 2.000
752.532 598.821 430.720 27.609 1882.752 385.342 2.000
761.884 600.381 438.491 27.614 1860.597 380.839 2.000
771.806 602.880 446.441 27.619 1818.793 299.582 2.000
780.710 604.483 454.101 27.624 1830.916 336.007 2.000
790.099 605.967 461.555 27.629 1793.853 353.102 2.000
798.887 607.367 468.089 27.634 1811.880 336.706 2.000
807.885 609.109 474.697 27.639 1770.319 315.043 2.000
816.914 610.688 480.744 27.644 1749.604 305.599 2.000
825.959 612.318 486.878 27.649 1756.152 285.676 2.000
835.137 613.984 492.773 27.654 1792.444 288.540 2.000
844.635 615.152 497.825 27.660 1853.443 274.246 2.000
853.697 616.943 502.901 27.665 1840.473 285.321 2.000
862.402 618.424 507.154 27.670 1839.481 307.329 2.000
871.345 620.048 511.953 27.675 1838.515 355.334 2.000
879.960 621.642 516.077 27.680 1755.240 340.458 2.000
888.930 623.051 520.267 27.685 1732.333 305.914 2.000
898.314 624.105 523.411 27.690 1747.192 251.853 2.000
907.780 625.684 527.092 27.695 1766.561 260.416 2.000
916.989 626.926 530.204 27.700 1783.356 220.318 2.000
926.152 628.100 532.540 27.705 1825.804 235.370 2.000
934.609 629.666 535.428 27.710 1860.632 215.394 2.000
943.513 630.832 538.271 27.715 1858.871 227.929 2.000
952.669 631.979 540.388 27.720 1921.016 251.009 2.000
962.641 633.220 542.480 27.725 1895.046 276.260 2.000
972.595 634.434 544.589 27.730 1843.923 311.451 2.000
982.212 635.978 545.837 27.735 1810.326 340.723 2.000
990.383 638.095 547.981 27.740 1722.846 341.145 2.000
998.312 639.879 549.020 27.745 1713.860 378.595 2.000
1006.845 641.939 549.946 27.750 1654.280 388.265 2.000
1015.294 643.588 550.741 27.756 1654.883 384.513 2.000
1023.987 645.656 550.669 27.761 1609.272 420.553 2.000
1032.751 647.789 550.642 27.766 1561.349 439.436 2.000
1041.318 649.713 550.509 27.771 1610.394 403.682 2.000
1049.594 651.352 549.736 27.776 1709.784 331.466 2.000
1058.622 652.910 548.299 27.781 1752.281 319.408 2.000
1066.823 654.565 547.179 27.786 1832.258 291.759 2.000
1075.892 656.005 544.945 27.791 1785.888 256.414 2.000
1084.957 657.756 543.394 27.796 1802.629 290.966 2.000
1093.984 659.040 541.913 27.801 1754.101 280.895 2.000
1103.096 660.617 539.998 27.806 1768.853 257.878 2.000
1111.843 661.859 538.118 27.811 1702.535 305.485 2.000
1126.043 657.456 554.455 27.816 1701.413 324.516 1.000
1134.972 658.979 550.749 27.821 1764.549 310.370 1.000
1143.382 660.495 547.965 27.826 1728.784 311.203 1.000
1151.713 662.152 544.686 27.831 1735.865 279.959 1.000
1159.628 663.300 540.368 27.836 1662.299 256.968 1.000
1167.957 664.698 535.760 27.841 1609.257 247.958 1.000
1176.434 665.891 531.580 27.847 1618.390 259.275 1.000
1185.135 667.636 526.556 27.852 1605.133 283.988 1.000
1193.382 669.216 521.471 27.857 1599.586 273.287 1.000
1201.157 670.394 517.511 27.862 1641.048 305.131 1.000
1209.121 671.663 512.110 27.867 1561.763 302.993 1.000
1216.974 672.968 506.000 27.872 1560.508 284.116 1.000
1225.156 674.524 500.551 27.877 1629.070 298.156 1.000
1226.893 683.420 478.135 27.882 1736.683 197.464 2.000
1235.218 684.651 472.373 27.887 1676.366 246.489 2.000
1243.151 686.081 466.343 27.892 1617.180 264.601 2.000
1251.279 687.382 460.260 27.897 1564.869 273.353 2.000
1260.061 688.596 453.418 27.902 1500.597 356.890 2.000
1268.055 690.616 446.924 27.907 1546.368 384.572 2.000
1276.173 692.305 439.943 27.912 1550.957 379.495 2.000
1284.069 693.995 432.880 27.917 1578.472 322.592 2.000
1291.913 695.463 424.916 27.922 1615.588 332.698 2.000
1299.842 696.955 417.066 27.927 1643.772 295.653 2.000
1307.862 698.681 408.530 27.932 1622.718 275.315 2.000
1315.803 700.016 400.026 27.937 1586.875 256.089 2.000
1324.439 701.544 391.485 27.942 1561.057 244.784 2.000
1332.339 703.178 382.574 27.947 1561.598 273.920 2.000
1340.422 704.493 373.303 27.953 1525.784 289.122 2.000
1347.619 705.807 363.844 27.958 1528.704 300.547 2.000
1355.643 707.265 354.183 27.963 1553.000 318.706 2.000
1363.232 708.928 344.393 27.968 1526.757 314.974 2.000
1370.817 710.369 334.259 27.973 1520.143 321.577 2.000
1378.668 712.155 324.112 27.978 1546.785 316.649 2.000
1386.291 713.823 313.812 27.983 1475.099 313.475 2.000
1394.410 715.272 303.256 27.988 1540.887 283.547 2.000
1402.021 716.578 291.837 27.993 1542.944 272.876 2.000
1409.686 717.708 280.479 27.998 1553.436 268.136 2.000
1417.288 719.259 269.000 28.003 1553.849 273.390 2.000
1425.167 720.725 257.233 28.008 1512.169 255.662 2.000
1432.255 722.156 245.501 28.013 1500.065 263.880 2.000
1439.953 723.364 233.817 28.018 1458.749 250.176 2.000
1447.272 724.671 221.560 28.023 1441.143 268.150 2.000
1455.052 725.654 208.863 28.028 1393.316 273.825 2.000
1461.971 727.078 195.825 28.033 1371.354 266.828 2.000
1469.053 728.485 182.544 28.038 1419.633 271.883 2.000
1476.070 729.966 169.438 28.043 1387.339 278.050 2.000
1482.872 731.428 156.238 28.048 1368.895 261.328 2.000
1489.817 732.568 143.257 28.053 1378.229 270.017 2.000
1496.885 733.921 129.319 28.058 1416.962 267.778 2.000
1503.910 735.179 115.100 28.063 1354.823 277.142 2.000
1511.014 736.744 99.918 28.069 1381.999 283.766 2.000
1517.796 738.216 85.399 28.074 1365.985 309.427 2.000
1524.472 739.528 73.361 28.079 1374.063 263.438 2.000
1531.620 741.329 61.937 28.084 1381.302 304.427 2.000
1538.604 742.537 54.914 28.089 1460.957 290.068 2.000
1546.300 743.277 47.802 28.094 1508.652 224.616 2.000
1553.822 744.058 48.333 28.099 1465.013 275.000 2.000
1561.418 745.911 51.014 28.104 1520.355 211.239 2.000
1569.300 747.312 54.343 28.109 1595.560 212.844 2.000
1577.844 748.659 59.808 28.114 1643.275 226.611 2.000
1585.376 749.930 68.225 28.119 1661.542 265.148 2.000
1593.463 750.924 80.186 28.124 1631.133 302.334 2.000
1601.936 752.411 93.202 28.129 1588.024 299.029 2.000
1609.686 753.710 105.796 28.134 1537.611 271.822 2.000
1617.501 755.079 118.345 28.139 1544.382 249.848 2.000
1625.570 756.269 130.124 28.144 1548.594 258.103 2.000
1633.731 757.674 141.272 28.149 1558.406 248.327 2.000
1641.189 759.026 152.852 28.154 1496.845 248.857 2.000
1648.813 760.158 163.986 28.159 1505.852 231.671 2.000
1656.255 761.346 175.519 28.164 1582.041 232.042 2.000
1664.372 762.460 185.962 28.169 1599.649 231.192 2.000
1672.826 763.683 196.646 28.174 1594.910 235.648 2.000
1680.957 764.901 206.842 28.179 1624.553 250.763 2.000
1688.394 766.282 216.715 28.184 1550.726 252.051 2.000
1696.503 767.643 226.134 28.190 1574.166 259.464 2.000
1704.224 768.889 235.448 28.195 1576.169 260.080 2.000
1711.617 770.015 244.764 28.200 1572.174 257.381 2.000
1719.886 771.154 253.716 28.205 1494.057 261.990 2.000
1727.919 772.744 262.130 28.210 1510.611 281.554 2.000
1735.304 774.151 270.198 28.215 1480.749 269.371 2.000
1742.500 775.516 277.561 28.220 1457.683 268.504 2.000
1750.490 776.884 285.012 28.225 1542.507 271.368 2.000
1757.798 778.076 292.285 28.230 1568.485 257.176 2.000
1765.975 779.358 298.889 28.235 1515.804 256.323 2.000
1773.580 780.729 305.744 28.240 1586.890 284.259 2.000
1781.437 781.869 311.922 28.245 1587.076 243.389 2.000
1789.120 783.555 317.814 28.250 1542.394 261.258 2.000
1797.417 784.491 323.551 28.255 1572.771 210.759 2.000
1804.455 785.125 329.257 28.260 1551.331 180.318 2.000
1812.207 786.241 334.528 28.265 1499.632 171.308 2.000
1820.391 787.086 339.768 28.270 1449.034 144.269 2.000
1827.049 788.071 345.047 28.275 1434.061 163.510 2.000
1834.227 788.892 350.132 28.280 1357.498 124.296 2.000
1840.837 789.522 354.464 28.285 1307.429 137.457 2.000
1928.113 806.771 386.220 28.343 1532.208 191.338 2.000
1935.783 807.904 388.927 28.348 1469.234 188.482 2.000
1943.112 808.785 389.514 28.353 1457.855 172.727 2.000
1950.051 809.651 390.062 28.358 1391.814 178.570 2.000
1957.418 810.711 390.565 28.363 1422.424 193.145 2.000
1965.011 811.793 390.956 28.368 1371.623 191.999 2.000
1972.028 813.111 391.116 28.373 1427.757 234.970 2.000
1979.581 814.488 390.787 28.378 1509.801 277.996 2.000
1987.176 815.609 390.027 28.383 1518.199 299.973 2.000
1995.019 816.867 389.172 28.388 1593.831 316.419 2.000
2002.255 818.329 388.468 28.393 1604.452 313.170 2.000
2009.743 819.623 387.107 28.398 1532.245 286.500 2.000
2016.874 820.864 386.015 28.403 1516.971 248.152 2.000
2024.558 821.969 384.128 28.408 1437.223 204.187 2.000
2031.470 822.707 382.473 28.413 1371.844 130.897 2.000
2038.942 823.511 379.799 28.418 1278.287 84.807 2.000
2045.613 824.307 377.591 28.423 1230.272 78.006 2.000
2050.678 824.114 376.323 28.428 1085.453 8.714 2.000
2055.372 823.788 374.830 28.433 917.214 -78.962 2.000
2062.784 825.002 372.314 28.438 1206.066 56.651 2.000
2070.133 826.309 368.959 28.443 1313.421 185.140 2.000
2077.775 827.678 365.538 28.448 1438.770 306.157 2.000
2085.124 828.959 361.933 28.453 1556.390 382.841 2.000
2092.110 830.279 357.480 28.458 1723.418 456.233 2.000
2099.711 831.817 352.848 28.464 1781.482 470.505 2.000
2106.634 833.059 348.468 28.469 1854.645 468.096 2.000
2114.346 834.768 343.217 28.474 1681.860 408.084 2.000
2122.673 836.798 337.322 28.479 1555.528 328.036 2.000
2131.910 839.530 330.737 28.484 1297.864 191.283 2.000
2138.314 840.345 325.290 28.489 1228.564 187.045 2.000
2144.536 841.314 319.152 28.494 1214.757 175.055 2.000
2151.939 842.187 312.796 28.499 1365.460 212.213 2.000
2158.483 843.235 306.401 28.504 1408.890 244.535 2.000
2165.765 844.615 299.661 28.509 1421.268 251.801 2.000
2172.738 845.843 293.111 28.514 1469.707 257.925 2.000
2179.845 847.295 285.727 28.519 1520.175 253.420 2.000
2186.859 848.805 278.238 28.524 1387.148 267.238 2.000
2192.964 850.127 270.484 28.529 1310.362 264.856 2.000
2199.358 851.341 262.765 28.534 1281.448 298.753 2.000
2207.632 852.957 254.338 28.539 1289.392 280.183 2.000
2214.214 853.806 245.937 28.544 1270.614 251.749 2.000
2220.618 855.174 237.560 28.549 1358.627 219.951 2.000
2227.907 856.556 229.058 28.554 1405.471 219.378 2.000
2235.136 857.906 220.071 28.559 1510.130 221.731 2.000
2241.322 859.023 210.550 28.564 1487.129 175.908 2.000
2248.253 859.940 200.659 28.569 1475.806 201.432 2.000
2254.534 860.172 193.208 28.574 1324.438 116.532 2.000
2261.588 860.930 183.887 28.579 1165.930 75.457 2.000
2266.967 861.208 173.274 28.585 1017.761 100.616 2.000
2272.152 861.707 163.644 28.590 1010.069 104.484 2.000
2339.422 872.953 49.343 28.648 1564.074 312.791 2.000
2347.546 874.006 41.832 28.653 1465.115 434.472 2.000
2355.325 876.120 44.993 28.658 1554.220 419.262 2.000
2362.307 877.042 48.750 28.663 1465.316 265.167 2.000
2369.027 877.616 55.456 28.668 1404.510 195.598 2.000
2375.624 878.721 60.734 28.673 1450.113 234.237 2.000
2382.394 880.122 66.284 28.678 1208.179 69.076 2.000
2388.063 880.475 76.602 28.683 1157.629 21.182 2.000
2450.798 894.075 159.986 28.727 1353.582 223.923 2.000
2457.678 895.133 168.527 28.732 1362.086 219.397 2.000
2464.473 896.100 176.744 28.737 1306.098 208.885 2.000
2471.250 897.131 184.644 28.742 1283.624 219.705 2.000
2478.235 898.327 192.715 28.747 1276.786 239.932 2.000
2484.617 899.701 200.716 28.752 1380.610 237.468 2.000
2491.591 901.118 207.422 28.757 1436.895 250.672 2.000
2498.487 902.427 213.608 28.763 1482.824 285.441 2.000
2505.616 903.976 219.950 28.768 1455.342 283.867 2.000
2512.584 905.059 225.898 28.773 1365.440 298.614 2.000
2518.901 906.364 231.757 28.778 1345.777 308.492 2.000
2525.422 907.867 237.073 28.783 1311.226 305.256 2.000
2531.693 909.194 242.693 28.788 1219.092 270.624 2.000
2538.706 910.382 247.781 28.793 1227.403 227.717 2.000
2544.837 911.820 252.460 28.798 1183.006 230.564 2.000
2551.176 912.925 256.825 28.803 1190.771 207.144 2.000
2556.857 913.817 261.229 28.808 1178.930 184.558 2.000
2562.059 914.938 266.116 28.813 1158.422 217.195 2.000
2568.156 916.050 270.347 28.818 1165.702 220.596 2.000
2573.924 917.077 274.545 28.823 1130.760 204.424 2.000
2580.400 917.821 278.084 28.828 1168.839 180.872 2.000
2586.739 918.598 281.540 28.833 1199.732 192.924 2.000
2592.437 919.801 285.002 28.838 1235.478 157.016 2.000
2598.651 920.859 287.707 28.843 1241.902 185.679 2.000
2605.081 921.590 290.125 28.848 1291.279 207.934 2.000
2611.355 922.727 292.722 28.853 1287.765 188.117 2.000
2617.612 923.753 294.863 28.858 1318.238 173.803 2.000
