2.002 0.502 0.120 0.119 13.686 -0.067 2.000
2.005 0.502 0.126 0.113 13.872 -0.068 2.000
2.000 0.502 0.133 0.106 14.079 -0.069 2.000
2.000 0.502 0.139 0.099 14.277 -0.070 2.000
2.002 0.350 -0.039 0.227 6.474 -0.557 1.000
2.002 0.371 -0.130 0.274 5.287 -0.395 1.000
2.001 0.396 -0.155 0.284 5.023 -0.301 1.000
2.002 0.423 -0.266 0.280 4.980 -0.218 1.000
2.001 0.447 -0.263 0.268 5.102 -0.153 1.000
2.001 0.448 -0.325 0.270 4.957 -0.145 1.000
2.001 0.442 -0.357 0.274 4.786 -0.157 1.000
2.002 0.446 -0.390 0.275 4.679 -0.141 1.000
2.000 0.439 -0.319 0.266 4.749 -0.169 1.000
2.001 0.446 -0.280 0.249 4.971 -0.149 1.000
2.002 0.439 -0.313 0.232 5.200 -0.181 1.000
2.001 0.407 -0.424 0.290 4.090 -0.237 1.000
2.000 0.421 -0.373 0.273 4.255 -0.203 1.000
2.002 0.441 -0.331 0.252 4.525 -0.148 1.000
2.002 0.455 -0.269 0.224 4.976 -0.108 1.000
2.001 0.465 -0.252 0.201 5.372 -0.069 1.000
2.001 0.415 -0.303 0.167 6.227 -0.330 1.000
2.002 0.385 -0.250 0.180 5.654 -0.436 1.000
2.002 0.420 -0.317 0.208 4.808 -0.235 1.000
2.002 0.418 -0.310 0.203 4.809 -0.242 1.000
2.001 0.387 -0.366 0.197 4.805 -0.375 1.000
2.002 0.395 -0.343 0.189 4.876 -0.347 1.000
2.001 0.408 -0.314 0.184 4.863 -0.287 1.000
2.001 0.408 -0.317 0.173 5.024 -0.296 1.000
2.001 0.421 -0.346 0.175 4.836 -0.223 1.000
2.001 0.425 -0.381 0.169 4.836 -0.203 1.000
2.000 0.408 -0.379 0.175 4.537 -0.269 1.000
2.002 0.410 -0.381 0.166 4.636 -0.264 1.000
2.002 0.395 -0.351 0.158 4.697 -0.352 1.000
2.000 0.388 -0.352 0.148 4.838 -0.403 1.000
2.002 0.392 -0.371 0.140 4.937 -0.387 1.000
2.000 0.400 -0.341 0.142 4.669 -0.322 1.000
2.002 0.384 -0.187 0.152 4.273 -0.378 1.000
2.000 0.333 0.144 0.175 3.649 -0.576 2.000
2.001 0.281 0.372 0.203 3.089 -0.714 2.000
2.001 0.241 0.549 0.220 2.778 -0.802 2.000
2.001 0.230 0.620 0.237 2.513 -0.771 2.000
2.001 0.257 0.529 0.219 2.663 -0.707 2.000
2.000 0.277 0.628 0.219 2.589 -0.609 2.000
2.001 0.273 0.623 0.213 2.591 -0.622 2.000
2.001 0.266 0.568 0.190 2.817 -0.708 2.000
2.001 0.259 0.562 0.184 2.834 -0.749 2.000
2.001 0.241 0.584 0.198 2.569 -0.765 2.000
2.001 0.254 0.571 0.194 2.548 -0.697 2.000
2.001 0.255 0.519 0.169 2.820 -0.765 2.000
2.000 0.251 0.530 0.167 2.777 -0.779 2.000
2.001 0.240 0.576 0.173 2.599 -0.783 2.000
2.000 0.256 0.522 0.159 2.732 -0.739 2.000
2.001 0.264 0.509 0.152 2.754 -0.697 2.000
2.001 0.265 0.522 0.145 2.796 -0.702 2.000
2.000 0.252 0.555 0.148 2.642 -0.741 2.000
2.001 0.251 0.524 0.134 2.784 -0.787 2.000
2.000 0.250 0.525 0.127 2.816 -0.806 2.000
2.001 0.255 0.545 0.130 2.650 -0.729 2.000
2.001 0.262 0.508 0.118 2.790 -0.710 2.000
2.001 0.255 0.508 0.110 2.863 -0.781 2.000
2.001 0.255 0.490 0.099 2.996 -0.822 2.000
2.001 0.257 0.534 0.110 2.604 -0.703 2.000
