2.000 0.463 0.068 0.160 10.384 -0.250 1.000
2.002 0.445 0.035 0.173 9.335 -0.309 1.000
2.002 0.425 -0.028 0.205 7.630 -0.336 1.000
2.001 0.407 -0.089 0.237 6.440 -0.348 1.000
2.003 0.394 -0.168 0.263 5.682 -0.349 1.000
2.002 0.405 -0.238 0.280 5.222 -0.289 1.000
2.001 0.420 -0.281 0.284 5.059 -0.235 1.000
2.000 0.441 -0.292 0.283 4.982 -0.167 1.000
2.001 0.454 -0.278 0.274 5.056 -0.128 1.000
2.001 0.445 -0.354 0.273 4.973 -0.155 1.000
2.000 0.446 -0.382 0.274 4.860 -0.147 1.000
2.001 0.449 -0.387 0.271 4.824 -0.137 1.000
2.000 0.446 -0.346 0.265 4.832 -0.146 1.000
2.001 0.434 -0.321 0.254 4.947 -0.190 1.000
2.001 0.438 -0.366 0.248 4.969 -0.177 1.000
2.002 0.389 -0.339 0.257 4.718 -0.327 1.000
2.002 0.407 -0.424 0.291 4.090 -0.237 1.000
2.000 0.421 -0.373 0.274 4.255 -0.203 1.000
2.000 0.441 -0.329 0.252 4.527 -0.148 1.000
2.001 0.455 -0.267 0.224 4.978 -0.108 1.000
2.001 0.465 -0.253 0.202 5.367 -0.069 1.000
2.001 0.408 -0.265 0.177 5.935 -0.348 1.000
2.001 0.403 -0.286 0.191 5.395 -0.340 1.000
2.002 0.418 -0.352 0.207 4.859 -0.244 1.000
2.002 0.418 -0.312 0.205 4.805 -0.242 1.000
2.001 0.404 -0.363 0.210 4.564 -0.288 1.000
2.002 0.383 -0.341 0.198 4.717 -0.387 1.000
2.001 0.406 -0.341 0.185 4.892 -0.298 1.000
2.002 0.414 -0.303 0.180 4.917 -0.264 1.000
2.000 0.413 -0.280 0.171 5.015 -0.272 1.000
2.001 0.420 -0.378 0.178 4.674 -0.217 1.000
2.002 0.411 -0.396 0.176 4.606 -0.260 1.000
2.001 0.415 -0.398 0.172 4.576 -0.240 1.000
2.000 0.411 -0.361 0.166 4.583 -0.260 1.000
2.001 0.391 -0.364 0.149 4.916 -0.388 1.000
2.002 0.393 -0.371 0.145 4.890 -0.377 1.000
2.001 0.392 -0.368 0.138 4.946 -0.388 1.000
2.002 0.399 -0.320 0.146 4.555 -0.319 1.000
2.001 0.384 -0.185 0.152 4.276 -0.379 1.000
2.002 0.333 0.144 0.175 3.649 -0.576 1.000
2.001 0.281 0.373 0.202 3.090 -0.714 1.000
2.001 0.228 0.604 0.233 2.615 -0.806 1.000
2.000 0.230 0.619 0.237 2.513 -0.771 1.000
2.000 0.257 0.528 0.219 2.663 -0.707 1.000
2.000 0.273 0.546 0.208 2.725 -0.656 1.000
2.001 0.288 0.547 0.195 2.830 -0.615 1.000
2.001 0.266 0.567 0.191 2.816 -0.708 1.000
2.001 0.259 0.560 0.185 2.833 -0.749 1.000
2.001 0.260 0.543 0.184 2.769 -0.728 1.000
2.001 0.254 0.569 0.195 2.547 -0.697 1.000
2.000 0.262 0.576 0.186 2.591 -0.673 1.000
2.000 0.251 0.527 0.168 2.775 -0.778 1.000
2.000 0.249 0.535 0.165 2.741 -0.778 1.000
2.000 0.245 0.565 0.168 2.612 -0.766 1.000
2.001 0.251 0.560 0.162 2.622 -0.735 1.000
2.001 0.265 0.519 0.147 2.793 -0.702 1.000
2.001 0.259 0.513 0.141 2.804 -0.737 1.000
2.000 0.250 0.524 0.134 2.840 -0.808 1.000
2.001 0.244 0.562 0.140 2.633 -0.792 1.000
2.001 0.258 0.514 0.128 2.761 -0.734 1.000
2.001 0.264 0.505 0.121 2.790 -0.699 1.000
2.000 0.262 0.510 0.116 2.793 -0.711 1.000
2.001 0.250 0.536 0.114 2.721 -0.789 1.000
2.001 0.245 0.546 0.108 2.718 -0.823 1.000
2.000 0.273 0.477 0.102 2.742 -0.611 1.000
