2.004 0.502 0.119 0.120 13.671 -0.067 2.000
2.007 0.502 0.126 0.113 13.858 -0.068 2.000
2.001 0.502 0.133 0.106 14.064 -0.069 2.000
2.002 0.502 0.139 0.100 14.261 -0.070 2.000
1.609 0.394 0.049 0.163 7.116 -0.562 4.000
1.477 0.420 0.048 0.182 5.696 -0.379 4.000
1.448 0.437 0.048 0.180 5.483 -0.295 4.000
1.297 0.455 0.049 0.146 5.661 -0.248 4.000
1.258 0.466 0.048 0.131 5.803 -0.194 4.000
1.198 0.475 0.049 0.116 5.870 -0.146 4.000
1.251 0.471 0.048 0.124 5.610 -0.154 4.000
1.158 0.469 0.048 0.108 5.410 -0.184 4.000
1.252 0.461 0.048 0.116 5.522 -0.226 4.000
1.266 0.467 0.049 0.109 5.716 -0.181 4.000
1.239 0.466 0.049 0.096 5.896 -0.205 4.000
1.189 0.460 0.049 0.102 4.938 -0.229 4.000
1.255 0.457 0.048 0.110 4.838 -0.231 4.000
1.296 0.463 0.049 0.106 5.088 -0.174 4.000
1.314 0.469 0.049 0.094 5.574 -0.121 4.000
1.306 0.474 0.048 0.081 6.010 -0.077 4.000
1.206 0.457 0.049 0.049 7.084 -0.376 4.000
1.237 0.453 0.048 0.056 6.256 -0.377 4.000
1.223 0.458 0.048 0.057 5.544 -0.279 4.000
1.260 0.456 0.049 0.060 5.440 -0.274 4.000
1.225 0.453 0.049 0.051 5.210 -0.328 4.000
1.234 0.446 0.048 0.046 5.371 -0.440 4.000
1.224 0.453 0.049 0.036 5.577 -0.340 4.000
1.238 0.454 0.049 0.032 5.705 -0.321 4.000
1.232 0.457 0.048 0.026 5.700 -0.250 4.000
1.200 0.459 0.048 0.017 5.537 -0.232 4.000
1.194 0.456 0.048 0.011 5.415 -0.306 4.000
1.202 0.456 0.048 0.007 5.341 -0.321 4.000
1.206 0.455 0.048 0.002 5.511 -0.376 4.000
1.224 0.453 0.039 0.000 5.615 -0.443 4.000
1.252 0.451 0.028 0.000 5.564 -0.428 4.000
1.280 0.448 0.017 0.000 5.487 -0.447 4.000
1.304 0.446 0.024 0.000 4.942 -0.443 4.000
1.765 0.396 0.050 0.110 3.925 -0.417 4.000
2.002 0.320 0.234 0.191 3.314 -0.582 2.000
2.001 0.241 0.544 0.222 2.775 -0.801 2.000
2.001 0.243 0.557 0.226 2.674 -0.768 2.000
2.001 0.229 0.604 0.226 2.604 -0.804 2.000
2.001 0.266 0.488 0.206 2.784 -0.700 2.000
2.000 0.290 0.492 0.188 2.953 -0.629 2.000
2.001 0.273 0.557 0.188 2.884 -0.694 2.000
2.001 0.257 0.626 0.199 2.657 -0.711 2.000
2.000 0.268 0.502 0.176 2.898 -0.725 2.000
2.000 0.260 0.524 0.187 2.672 -0.704 2.000
2.001 0.262 0.574 0.187 2.590 -0.673 2.000
2.001 0.260 0.478 0.159 2.949 -0.776 2.000
2.000 0.255 0.493 0.158 2.877 -0.783 2.000
2.000 0.252 0.526 0.160 2.753 -0.766 2.000
2.001 0.260 0.515 0.155 2.738 -0.718 2.000
2.001 0.270 0.481 0.139 2.937 -0.704 2.000
2.001 0.260 0.513 0.141 2.804 -0.737 2.000
2.001 0.250 0.524 0.134 2.840 -0.808 2.000
2.001 0.250 0.520 0.131 2.782 -0.793 2.000
2.000 0.258 0.514 0.127 2.763 -0.734 2.000
2.000 0.263 0.538 0.126 2.676 -0.678 2.000
2.001 0.259 0.508 0.114 2.817 -0.743 2.000
2.001 0.253 0.509 0.106 2.870 -0.808 2.000
2.001 0.262 0.505 0.107 2.741 -0.701 2.000
