2.001 0.509 0.097 0.146 11.225 -0.005 2.000
2.003 0.494 0.075 0.156 10.121 -0.081 2.000
2.000 0.507 0.021 0.173 8.747 0.012 1.000
2.001 0.401 -0.213 0.264 5.431 -0.312 1.000
2.002 0.450 -0.319 0.262 5.143 -0.144 1.000
2.000 0.434 -0.392 0.265 4.777 -0.183 1.000
2.002 0.414 -0.414 0.276 4.309 -0.224 1.000
2.002 0.452 -0.268 0.219 5.036 -0.118 1.000
2.001 0.415 -0.299 0.161 6.246 -0.332 1.000
2.002 0.390 -0.383 0.191 4.907 -0.372 1.000
2.002 0.410 -0.322 0.167 5.106 -0.290 1.000
2.001 0.414 -0.413 0.167 4.644 -0.249 1.000
2.001 0.392 -0.385 0.138 4.996 -0.388 1.000
2.000 0.369 -0.133 0.147 4.273 -0.465 1.000
2.000 0.251 0.510 0.213 2.802 -0.773 2.000
2.000 0.280 0.545 0.198 2.822 -0.649 2.000
2.000 0.270 0.563 0.187 2.782 -0.685 2.000
2.000 0.269 0.477 0.170 2.844 -0.705 2.000
2.001 0.255 0.496 0.156 2.879 -0.783 2.000
2.001 0.267 0.514 0.148 2.784 -0.688 2.000
2.001 0.250 0.527 0.135 2.771 -0.792 2.000
2.000 0.266 0.481 0.117 2.887 -0.705 2.000
2.000 0.255 0.489 0.100 2.996 -0.822 2.000
