2.006 0.502 0.117 0.122 13.615 -0.066 2.000
2.003 0.502 0.125 0.115 13.814 -0.067 2.000
2.004 0.502 0.131 0.108 14.005 -0.068 2.000
2.002 0.478 0.104 0.122 12.099 -0.204 2.000
2.001 0.314 -0.075 0.206 7.194 -0.771 1.000
2.003 0.337 -0.095 0.249 5.875 -0.555 1.000
2.001 0.403 -0.212 0.280 5.133 -0.289 1.000
2.001 0.424 -0.266 0.285 4.951 -0.216 1.000
2.000 0.444 -0.274 0.275 5.037 -0.159 1.000
2.000 0.455 -0.358 0.265 5.116 -0.127 1.000
2.002 0.464 -0.318 0.256 5.194 -0.098 1.000
2.001 0.454 -0.347 0.264 4.953 -0.125 1.000
2.002 0.443 -0.394 0.275 4.668 -0.152 1.000
2.002 0.432 -0.378 0.254 4.942 -0.198 1.000
2.001 0.449 -0.353 0.241 5.097 -0.143 1.000
2.001 0.439 -0.312 0.232 5.203 -0.181 1.000
2.001 0.398 -0.422 0.282 4.208 -0.270 1.000
2.000 0.408 -0.372 0.262 4.433 -0.253 1.000
2.001 0.429 -0.333 0.242 4.698 -0.195 1.000
2.002 0.449 -0.291 0.216 5.132 -0.132 1.000
2.003 0.454 -0.267 0.194 5.568 -0.118 1.000
2.001 0.408 -0.264 0.177 5.938 -0.348 1.000
2.001 0.403 -0.285 0.190 5.397 -0.340 1.000
2.002 0.418 -0.351 0.207 4.861 -0.245 1.000
2.001 0.418 -0.311 0.204 4.807 -0.242 1.000
2.001 0.404 -0.362 0.210 4.566 -0.288 1.000
2.002 0.395 -0.347 0.191 4.868 -0.346 1.000
2.002 0.406 -0.342 0.185 4.892 -0.298 1.000
2.001 0.414 -0.301 0.179 4.919 -0.264 1.000
2.002 0.412 -0.281 0.171 5.015 -0.272 1.000
2.000 0.421 -0.377 0.178 4.676 -0.217 1.000
2.001 0.411 -0.395 0.175 4.608 -0.260 1.000
2.002 0.413 -0.383 0.175 4.489 -0.244 1.000
2.002 0.411 -0.361 0.166 4.583 -0.260 1.000
2.002 0.391 -0.364 0.149 4.916 -0.388 1.000
2.001 0.393 -0.370 0.145 4.892 -0.377 1.000
2.002 0.392 -0.369 0.138 4.946 -0.388 1.000
2.001 0.399 -0.319 0.146 4.557 -0.319 1.000
2.002 0.384 -0.185 0.152 4.276 -0.379 1.000
2.001 0.333 0.145 0.175 3.650 -0.576 2.000
2.001 0.281 0.373 0.202 3.090 -0.714 2.000
2.000 0.229 0.604 0.233 2.615 -0.806 2.000
2.001 0.230 0.619 0.237 2.513 -0.771 2.000
2.000 0.257 0.528 0.219 2.663 -0.707 2.000
2.000 0.273 0.546 0.208 2.725 -0.656 2.000
2.000 0.287 0.595 0.203 2.720 -0.595 2.000
2.001 0.266 0.567 0.191 2.816 -0.708 2.000
2.001 0.259 0.560 0.185 2.833 -0.749 2.000
2.000 0.260 0.543 0.184 2.769 -0.728 2.000
2.001 0.254 0.569 0.195 2.547 -0.697 2.000
2.000 0.262 0.576 0.186 2.591 -0.673 2.000
2.000 0.251 0.527 0.168 2.775 -0.778 2.000
2.000 0.249 0.535 0.165 2.741 -0.778 2.000
2.000 0.245 0.565 0.168 2.612 -0.766 2.000
2.000 0.251 0.560 0.162 2.622 -0.735 2.000
2.000 0.265 0.519 0.147 2.793 -0.702 2.000
2.001 0.260 0.513 0.141 2.804 -0.737 2.000
2.001 0.250 0.524 0.134 2.840 -0.808 2.000
2.001 0.244 0.561 0.140 2.633 -0.792 2.000
2.001 0.258 0.514 0.128 2.761 -0.734 2.000
2.001 0.264 0.504 0.121 2.790 -0.699 2.000
2.001 0.262 0.510 0.116 2.793 -0.711 2.000
2.001 0.250 0.536 0.114 2.721 -0.789 2.000
2.000 0.246 0.545 0.108 2.718 -0.823 2.000
2.001 0.272 0.477 0.103 2.742 -0.611 2.000
