500.991 421.815 449.785 22.364 5311.737 545.198 353.559
534.350 425.463 451.827 22.371 5178.240 579.395 317.530
560.239 428.633 453.436 22.376 5042.314 599.639 312.690
590.821 432.079 454.924 22.382 4813.017 566.643 259.312
725.796 449.199 459.911 22.423 2526.506 360.661 76.386
797.617 458.683 455.310 22.435 3434.735 465.661 -125.714
840.047 463.973 452.013 22.441 4176.983 559.181 -245.779
871.771 467.978 448.400 22.446 4544.158 630.039 -344.635
900.424 471.792 447.587 22.452 5188.902 707.031 -379.617
943.674 478.175 444.078 22.464 7544.355 905.406 -694.978
983.872 482.811 440.069 22.470 6970.286 834.810 -699.440
1020.725 487.306 435.606 22.476 6556.470 807.821 -732.675
1065.856 492.698 429.745 22.482 5109.882 594.902 -699.380
1094.437 496.081 425.676 22.487 4695.544 565.480 -739.328
1121.496 499.424 421.572 22.493 4745.976 598.189 -816.258
1150.268 502.734 417.483 22.499 4666.739 596.998 -968.146
1176.915 505.920 411.210 22.505 4696.395 604.558 -991.675
1207.510 509.762 404.559 22.511 4690.865 603.342 -1014.823
1231.799 513.238 398.615 22.516 4650.321 598.625 -1092.414
1258.384 516.630 391.744 22.522 4577.581 580.686 -1139.240
1285.025 519.804 384.830 22.528 4530.187 572.322 -1221.219
1312.013 522.920 377.191 22.534 4587.228 534.403 -1411.170
1338.375 525.792 369.115 22.540 4464.323 491.381 -1500.301
1368.150 529.254 359.684 22.546 4506.349 514.386 -1508.787
1401.194 533.746 349.161 22.553 4626.548 569.231 -1497.600
1421.741 536.430 341.951 22.558 4596.496 573.273 -1573.696
1454.582 540.641 329.888 22.565 4620.395 587.884 -1612.793
1477.306 542.237 320.773 22.571 4169.358 480.113 -1597.747
1499.867 544.016 311.415 22.577 3823.010 379.568 -1581.471
1580.141 551.622 276.483 22.598 3659.378 340.445 -1600.014
