618.879 -3.979 379.891 26.209 4480.312 22.860 -711.457
645.078 -3.801 375.639 26.215 4482.257 30.924 -723.953
670.606 -3.610 371.757 26.221 4417.303 32.890 -687.760
697.486 -3.328 367.301 26.227 4240.897 50.089 -677.304
746.648 -2.433 357.407 26.239 4229.950 48.786 -816.287
770.807 -2.202 352.640 26.244 4182.562 81.618 -873.832
793.333 -2.245 348.627 26.250 4175.867 78.524 -864.432
819.652 -2.147 343.252 26.256 4153.037 53.245 -927.274
844.517 -1.727 337.504 26.262 4139.754 17.094 -938.745
868.283 -1.641 331.452 26.268 4165.653 -3.433 -1039.300
892.866 -1.344 324.152 26.274 4154.263 -4.007 -1110.815
916.961 -1.412 317.149 26.279 4169.366 -15.357 -1171.835
941.858 -1.360 310.237 26.285 4237.800 -24.275 -1271.774
967.006 -1.582 303.424 26.291 4313.875 -5.883 -1355.046
991.527 -1.534 295.506 26.297 4227.797 45.740 -1453.150
1015.819 -1.523 286.676 26.303 4234.685 24.484 -1462.851
1039.756 -0.982 277.710 26.309 4150.285 45.505 -1514.024
1063.660 -0.997 268.642 26.314 4122.175 29.658 -1511.964
1088.777 -0.715 259.209 26.320 4110.530 28.197 -1565.333
1112.319 -0.731 250.459 26.326 4050.678 44.798 -1641.821
1136.698 -0.407 240.655 26.332 4003.956 43.461 -1699.129
1159.943 -0.288 230.569 26.338 4029.616 24.859 -1769.662
1183.105 -0.206 219.490 26.344 4084.369 -9.395 -1805.991
1206.688 -0.321 208.939 26.349 4054.884 2.065 -1867.798
1227.791 -0.067 198.751 26.355 4068.879 -25.010 -1947.418
1254.466 -0.245 186.146 26.361 4012.098 16.977 -2023.037
1274.856 0.085 175.551 26.366 3941.685 18.343 -2073.718
1297.737 0.236 163.578 26.372 3947.821 39.886 -2129.229
1320.910 0.376 150.964 26.378 3910.798 43.249 -2156.551
1343.570 0.316 138.157 26.384 3884.219 46.933 -2197.529
1366.520 0.589 125.291 26.390 3890.795 52.995 -2221.235
1391.413 1.041 110.783 26.396 3842.305 49.321 -2277.366
1411.230 1.363 98.276 26.401 3775.009 53.273 -2332.237
1434.827 2.135 83.736 26.408 3675.715 87.002 -2342.694
1460.498 4.150 69.200 26.415 3379.884 215.545 -2039.882
1525.486 8.600 31.217 26.436 3115.865 240.335 -1846.514
1536.730 11.236 34.117 26.445 2470.324 280.673 -1116.902
